985路	[38, 81, 100, 52, 38, 36, 36, 40, 50, 56, 52, 88, 65, 31, 34, 34, 20, 0, 6]
314路	[0, 0, 0, 0, 0, 0, 0, 0, 0, 0, 0, 0, 0, 45, 66, 27, 19, 100, 13]
1039路	[28, 100, 67, 11, 0, 9, 9, 5, 7, 6, 25, 40, 46, 40, 14, 0, 0, 0, 0]
龙新芦专线	[42, 100, 57, 26, 22, 17, 22, 22, 22, 33, 64, 71, 31, 26, 2, 0, 0, 0, 13]
鹤莘线	[63, 100, 63, 43, 39, 39, 32, 32, 43, 58, 60, 78, 67, 23, 2, 0, 0, 0, 2]
宣桥1路	[59, 100, 63, 18, 18, 0, 31, 22, 0, 22, 45, 54, 4, 0, 0, 0, 0, 0, 4]
780路	[71, 97, 100, 61, 38, 38, 43, 46, 43, 53, 66, 71, 56, 28, 25, 20, 15, 2, 23]
85路	[50, 100, 92, 39, 22, 17, 22, 22, 20, 35, 45, 70, 73, 35, 26, 23, 20, 4, 13]
1036路	[94, 100, 29, 29, 5, 17, 17, 11, 35, 23, 100, 29, 0, 0, 0, 0, 0, 0, 5]
1093路	[0, 85, 85, 0, 14, 42, 0, 42, 0, 42, 57, 100, 0, 0, 0, 0, 0, 0, 0]
786路	[38, 100, 94, 45, 29, 23, 29, 29, 36, 47, 54, 70, 52, 32, 23, 18, 12, 0, 5]
995路	[36, 88, 100, 41, 20, 19, 20, 19, 19, 28, 50, 73, 65, 36, 19, 14, 6, 1, 3]
636路	[34, 100, 82, 34, 16, 19, 24, 17, 19, 21, 34, 58, 76, 56, 42, 26, 10, 0, 1]
外高桥1路	[6, 75, 100, 48, 72, 41, 48, 44, 93, 41, 44, 34, 3, 0, 0, 0, 0, 0, 0]
浦东1路	[3, 71, 100, 24, 18, 12, 12, 12, 15, 13, 28, 63, 53, 13, 10, 0, 0, 0, 0]
863路	[41, 88, 94, 73, 41, 50, 41, 55, 44, 64, 85, 100, 76, 50, 50, 26, 14, 0, 5]
南川线	[50, 100, 87, 50, 27, 22, 20, 27, 30, 32, 50, 72, 57, 37, 20, 7, 0, 0, 7]
申崇六线	[100, 83, 83, 100, 66, 66, 50, 83, 66, 83, 83, 66, 50, 16, 16, 0, 0, 0, 33]
785路	[52, 100, 94, 58, 39, 35, 35, 37, 43, 58, 73, 79, 69, 39, 30, 24, 15, 1, 9]
1072路	[96, 100, 34, 11, 15, 15, 7, 7, 11, 53, 46, 42, 26, 30, 19, 0, 3, 0, 0]
川沙2路	[83, 100, 94, 16, 27, 55, 27, 11, 22, 55, 83, 61, 33, 0, 0, 0, 0, 0, 0]
大桥五线	[46, 93, 95, 37, 16, 23, 25, 20, 18, 30, 53, 100, 79, 27, 23, 20, 18, 0, 2]
182路	[63, 100, 75, 29, 15, 15, 20, 13, 25, 38, 63, 84, 45, 22, 13, 4, 0, 0, 13]
外高桥4路	[29, 97, 100, 72, 31, 27, 31, 23, 34, 53, 70, 76, 44, 14, 0, 0, 0, 0, 0]
蔡陆专线	[57, 100, 86, 45, 28, 25, 30, 35, 40, 49, 55, 76, 62, 44, 30, 16, 3, 0, 22]
81路	[71, 100, 83, 34, 26, 32, 28, 22, 30, 40, 48, 59, 44, 38, 30, 28, 24, 12, 28]
1049路	[0, 17, 100, 18, 10, 9, 6, 9, 9, 16, 25, 48, 8, 4, 0, 0, 0, 0, 0]
638路	[65, 97, 100, 57, 31, 28, 28, 31, 42, 60, 86, 84, 68, 34, 31, 26, 5, 0, 10]
新场3路	[64, 100, 78, 14, 7, 14, 7, 7, 7, 7, 28, 0, 7, 0, 0, 0, 0, 0, 0]
泥城4路	[100, 35, 10, 10, 10, 5, 10, 5, 5, 30, 90, 20, 10, 0, 0, 0, 0, 0, 0]
浦东2路	[3, 100, 66, 17, 7, 7, 5, 7, 5, 7, 11, 60, 45, 39, 19, 3, 0, 0, 0]
1079路	[27, 100, 63, 45, 45, 36, 27, 27, 18, 36, 27, 45, 18, 0, 0, 0, 0, 0, 0]
周康4路	[46, 100, 73, 32, 19, 17, 14, 14, 16, 37, 58, 78, 37, 7, 0, 0, 0, 0, 3]
971路	[56, 100, 81, 35, 30, 30, 26, 25, 31, 46, 63, 68, 56, 41, 31, 23, 3, 0, 1]
1090路	[3, 48, 100, 19, 8, 4, 7, 8, 10, 12, 13, 42, 23, 6, 0, 0, 0, 0, 0]
惠南11路	[79, 100, 100, 56, 79, 16, 75, 47, 48, 80, 89, 51, 56, 2, 0, 0, 0, 0, 0]
浦东20路	[29, 100, 76, 25, 11, 21, 22, 21, 18, 17, 27, 68, 68, 36, 5, 0, 0, 0, 0]
芦潮港1路	[23, 100, 69, 38, 15, 7, 7, 23, 7, 30, 46, 53, 7, 0, 0, 0, 0, 0, 0]
981路	[67, 100, 89, 55, 33, 33, 35, 40, 42, 55, 69, 88, 59, 35, 30, 27, 16, 3, 10]
83路	[31, 100, 96, 41, 26, 24, 26, 26, 29, 35, 57, 63, 57, 27, 19, 2, 0, 0, 0]
龙大专线	[62, 100, 81, 48, 29, 24, 27, 24, 31, 36, 62, 82, 60, 37, 31, 18, 12, 3, 12]
1008路	[14, 83, 100, 35, 17, 11, 16, 19, 14, 47, 58, 80, 84, 32, 0, 0, 0, 0, 0]
338路	[0, 0, 0, 0, 0, 0, 0, 0, 0, 0, 0, 0, 0, 100, 44, 61, 38, 61, 0]
曹路4路	[27, 100, 48, 27, 10, 6, 6, 17, 24, 20, 55, 48, 13, 10, 0, 0, 0, 0, 0]
1018路	[45, 100, 91, 48, 35, 27, 30, 27, 20, 36, 50, 67, 47, 32, 17, 4, 0, 0, 0]
浦江4路	[88, 100, 55, 33, 11, 11, 55, 22, 44, 55, 77, 66, 33, 22, 11, 0, 0, 0, 0]
六灶2路	[42, 92, 78, 14, 7, 7, 14, 21, 7, 50, 57, 100, 7, 0, 0, 0, 0, 0, 0]
164路	[46, 100, 75, 21, 9, 9, 12, 12, 12, 37, 59, 81, 50, 9, 9, 9, 0, 0, 9]
浦东9路	[90, 100, 63, 36, 26, 23, 33, 43, 26, 50, 93, 63, 16, 16, 0, 0, 0, 0, 30]
1003路	[34, 100, 81, 37, 25, 15, 16, 14, 15, 30, 33, 49, 48, 27, 1, 0, 0, 0, 0]
795路	[44, 100, 93, 46, 26, 24, 26, 26, 32, 40, 55, 71, 61, 36, 26, 22, 10, 0, 0]
1032路	[15, 63, 100, 26, 7, 9, 5, 4, 7, 12, 37, 61, 37, 10, 0, 0, 0, 0, 0]
1040路	[38, 46, 100, 23, 23, 7, 0, 15, 23, 23, 38, 61, 7, 0, 0, 0, 0, 0, 0]
张南专线	[46, 85, 100, 53, 34, 34, 36, 34, 34, 44, 61, 83, 73, 44, 34, 22, 6, 2, 6]
1054路	[13, 100, 82, 13, 8, 17, 21, 13, 17, 13, 26, 21, 30, 26, 8, 4, 0, 0, 0]
沪南线	[74, 100, 90, 48, 41, 38, 38, 38, 42, 57, 71, 90, 65, 44, 35, 25, 15, 1, 21]
815路	[53, 87, 100, 41, 30, 27, 30, 29, 35, 41, 62, 83, 54, 24, 16, 6, 0, 0, 0]
790路	[44, 92, 100, 53, 36, 36, 42, 40, 38, 51, 65, 90, 82, 55, 30, 19, 13, 1, 7]
161路	[23, 100, 80, 43, 33, 37, 25, 35, 29, 35, 54, 72, 70, 35, 23, 5, 0, 0, 0]
796路	[31, 100, 81, 46, 27, 26, 27, 23, 27, 39, 52, 71, 62, 30, 7, 0, 0, 0, 5]
浦江7路	[91, 100, 41, 25, 8, 25, 16, 8, 25, 16, 33, 41, 8, 0, 0, 0, 0, 0, 0]
798路	[43, 100, 92, 40, 23, 20, 21, 20, 23, 32, 49, 73, 66, 43, 32, 33, 20, 7, 9]
781路	[48, 100, 95, 53, 38, 27, 31, 34, 36, 42, 57, 78, 51, 34, 23, 19, 10, 0, 10]
川白线	[54, 100, 78, 43, 33, 24, 25, 31, 42, 44, 69, 69, 37, 32, 18, 6, 0, 0, 7]
川奉专线	[74, 100, 72, 40, 33, 30, 30, 32, 35, 47, 74, 77, 50, 23, 6, 0, 0, 0, 6]
639路	[48, 81, 78, 48, 32, 27, 27, 24, 29, 40, 62, 100, 89, 32, 29, 24, 13, 0, 10]
1035路	[66, 83, 16, 50, 66, 33, 50, 16, 33, 83, 16, 100, 33, 0, 0, 0, 0, 0, 0]
浦江11路	[49, 100, 69, 26, 19, 18, 19, 15, 14, 28, 37, 50, 86, 80, 48, 34, 29, 9, 0]
大桥六线	[46, 100, 90, 51, 29, 34, 36, 31, 31, 43, 60, 85, 56, 34, 24, 17, 2, 0, 2]
167路	[34, 74, 100, 74, 68, 65, 65, 80, 71, 74, 80, 85, 68, 40, 34, 25, 14, 0, 8]
浦东3路	[74, 100, 62, 30, 23, 13, 20, 20, 25, 34, 81, 65, 58, 23, 11, 6, 0, 0, 16]
惠南5路	[80, 96, 100, 65, 34, 19, 61, 34, 42, 80, 80, 80, 42, 7, 0, 0, 0, 0, 0]
闵行20路	[54, 100, 96, 49, 33, 37, 41, 37, 50, 54, 78, 98, 82, 49, 29, 3, 0, 0, 7]
浦东28路	[0, 0, 100, 0, 0, 0, 0, 0, 0, 0, 0, 0, 0, 0, 0, 0, 0, 0, 0]
1007路	[32, 100, 90, 43, 25, 21, 16, 16, 25, 40, 65, 89, 76, 50, 1, 0, 0, 0, 0]
782路	[64, 100, 100, 55, 37, 35, 42, 40, 51, 57, 66, 75, 60, 42, 31, 31, 15, 2, 13]
北蔡2路	[11, 77, 61, 55, 44, 33, 44, 38, 38, 72, 77, 100, 94, 22, 0, 0, 0, 0, 0]
991路	[46, 100, 90, 44, 30, 32, 34, 27, 30, 39, 53, 72, 65, 44, 32, 20, 2, 0, 11]
龙临专线	[84, 100, 68, 50, 40, 37, 40, 46, 43, 59, 96, 84, 50, 15, 3, 0, 0, 0, 25]
惠南10路	[74, 100, 68, 42, 14, 25, 17, 25, 34, 51, 60, 45, 0, 0, 0, 0, 0, 0, 2]
浦东33路	[0, 7, 21, 7, 35, 71, 92, 64, 100, 28, 28, 21, 7, 0, 0, 0, 0, 0, 0]
1043路	[21, 83, 100, 91, 83, 75, 86, 94, 83, 97, 78, 62, 62, 48, 59, 27, 13, 2, 0]
1059路	[100, 52, 0, 5, 0, 10, 5, 5, 21, 21, 84, 36, 15, 0, 0, 0, 0, 0, 0]
浦东30路	[46, 100, 73, 60, 20, 26, 33, 26, 26, 26, 60, 66, 40, 26, 6, 0, 0, 0, 0]
1057路	[12, 79, 84, 28, 28, 19, 16, 13, 17, 46, 57, 100, 30, 15, 6, 5, 0, 0, 0]
1088路	[20, 100, 48, 12, 8, 8, 8, 8, 12, 4, 40, 56, 32, 0, 0, 0, 0, 0, 0]
1102路	[100, 33, 33, 0, 0, 0, 33, 0, 0, 0, 33, 66, 0, 0, 0, 0, 0, 0, 0]
1011路	[12, 87, 100, 45, 29, 22, 25, 29, 25, 52, 64, 70, 52, 4, 0, 0, 0, 0, 0]
82路	[22, 71, 100, 42, 28, 22, 26, 24, 24, 24, 34, 59, 36, 24, 24, 22, 18, 2, 6]
申港1路	[66, 58, 91, 62, 58, 83, 83, 91, 100, 87, 79, 70, 29, 0, 0, 0, 0, 0, 0]
洋山专线区间	[0, 0, 100, 0, 16, 16, 33, 0, 0, 16, 0, 0, 0, 0, 0, 0, 0, 0, 0]
1020路	[0, 40, 80, 20, 13, 0, 0, 0, 26, 33, 33, 100, 0, 0, 0, 0, 0, 0, 0]
周康1路	[71, 100, 84, 43, 28, 28, 28, 15, 18, 25, 78, 78, 59, 18, 0, 0, 0, 0, 0]
1033路	[29, 100, 53, 16, 24, 14, 12, 19, 14, 46, 35, 51, 33, 20, 6, 6, 3, 0, 3]
南新专线	[62, 100, 81, 56, 35, 35, 43, 33, 43, 54, 72, 85, 58, 39, 29, 18, 8, 6, 18]
581路	[51, 100, 91, 48, 37, 30, 32, 30, 28, 33, 42, 51, 67, 39, 25, 26, 19, 3, 7]
1005路	[57, 100, 44, 18, 14, 16, 20, 11, 18, 40, 61, 59, 29, 9, 0, 0, 0, 0, 14]
573路	[34, 83, 100, 44, 23, 25, 27, 25, 27, 34, 44, 62, 44, 25, 13, 13, 6, 0, 2]
1023路	[0, 100, 58, 8, 0, 0, 0, 0, 0, 16, 33, 33, 25, 8, 0, 0, 0, 0, 0]
浦东19路	[100, 63, 0, 21, 5, 10, 15, 21, 26, 26, 63, 5, 36, 10, 0, 0, 0, 0, 10]
1067路	[47, 100, 64, 28, 19, 23, 21, 23, 29, 29, 38, 47, 63, 60, 28, 16, 7, 0, 4]
1052路	[0, 79, 100, 66, 25, 50, 33, 54, 50, 100, 87, 83, 45, 0, 0, 0, 0, 0, 0]
1094路	[50, 75, 25, 0, 0, 0, 25, 25, 0, 75, 100, 25, 0, 0, 0, 0, 0, 0, 0]
川沙3路	[38, 100, 100, 51, 38, 29, 22, 6, 32, 22, 51, 64, 32, 9, 6, 6, 0, 0, 0]
175路	[78, 100, 93, 75, 69, 60, 72, 78, 60, 72, 60, 87, 54, 27, 18, 18, 6, 0, 12]
周康2路	[58, 100, 75, 39, 31, 22, 25, 29, 39, 56, 77, 62, 32, 3, 0, 0, 0, 0, 3]
1111路	[54, 100, 89, 50, 43, 32, 36, 34, 45, 52, 86, 52, 63, 52, 36, 17, 4, 0, 0]
张江环线	[8, 59, 100, 29, 9, 9, 12, 16, 14, 16, 11, 45, 43, 12, 12, 9, 3, 0, 0]
1006路	[23, 100, 53, 30, 30, 53, 38, 30, 38, 53, 30, 61, 92, 15, 0, 0, 0, 0, 0]
1045路	[0, 46, 100, 37, 0, 0, 0, 0, 0, 0, 15, 53, 37, 0, 0, 0, 0, 0, 0]
777路	[2, 45, 100, 21, 13, 6, 0, 15, 13, 15, 19, 67, 30, 10, 8, 0, 0, 0, 0]
987路	[22, 100, 73, 37, 24, 32, 22, 32, 32, 37, 58, 69, 56, 33, 28, 16, 13, 1, 0]
188路	[51, 100, 89, 42, 27, 21, 25, 21, 27, 31, 38, 70, 70, 55, 44, 34, 19, 2, 8]
1001路	[22, 68, 80, 71, 60, 51, 45, 51, 51, 80, 82, 100, 65, 37, 0, 0, 0, 0, 0]
1051路	[8, 43, 78, 100, 21, 13, 8, 13, 8, 13, 17, 56, 17, 0, 0, 0, 0, 0, 0]
惠南3路	[55, 100, 79, 61, 57, 46, 48, 40, 59, 65, 95, 71, 61, 24, 0, 0, 0, 0, 0]
1097路	[17, 100, 72, 21, 11, 4, 5, 1, 3, 2, 13, 37, 65, 6, 0, 0, 0, 0, 0]
1037路	[78, 100, 42, 15, 5, 21, 21, 15, 21, 47, 100, 63, 15, 0, 0, 0, 0, 0, 0]
张江1路	[17, 100, 57, 18, 9, 11, 8, 10, 8, 15, 16, 40, 67, 37, 18, 10, 1, 0, 0]
453路	[46, 100, 73, 28, 22, 28, 26, 26, 20, 38, 55, 67, 67, 30, 22, 22, 6, 0, 8]
浦江5路	[15, 100, 61, 23, 15, 15, 15, 15, 7, 23, 23, 38, 23, 15, 7, 0, 0, 0, 0]
1060路	[100, 88, 55, 41, 30, 25, 30, 22, 30, 44, 66, 61, 36, 13, 13, 2, 0, 0, 27]
陆家嘴金融城2路	[0, 4, 100, 9, 9, 4, 4, 0, 0, 0, 4, 23, 19, 0, 0, 0, 0, 0, 0]
龙港快线	[73, 100, 65, 43, 30, 30, 39, 34, 30, 52, 95, 100, 65, 34, 13, 0, 0, 0, 30]
合庆1路	[50, 89, 60, 7, 7, 7, 7, 7, 17, 21, 64, 100, 10, 3, 0, 0, 0, 0, 0]
181路	[32, 100, 84, 36, 26, 23, 28, 23, 30, 38, 50, 84, 63, 38, 23, 5, 0, 0, 5]
977路	[58, 100, 82, 44, 31, 24, 24, 20, 24, 37, 51, 72, 65, 48, 27, 27, 13, 6, 13]
曹路2路	[60, 100, 60, 28, 26, 20, 25, 20, 23, 37, 51, 70, 54, 34, 25, 15, 8, 1, 0]
778路	[80, 92, 100, 48, 21, 17, 24, 24, 19, 46, 70, 65, 78, 24, 24, 2, 0, 0, 12]
浦东6路	[27, 100, 77, 38, 16, 22, 16, 16, 16, 16, 44, 66, 61, 33, 5, 5, 0, 0, 0]
祝桥1路	[41, 100, 75, 16, 8, 0, 0, 8, 8, 16, 100, 58, 25, 0, 0, 0, 0, 0, 0]
周康8路	[0, 23, 100, 0, 0, 0, 0, 0, 0, 0, 82, 17, 0, 0, 0, 0, 0, 0, 0]
783路	[55, 97, 100, 50, 42, 42, 44, 42, 39, 63, 78, 76, 71, 44, 39, 31, 23, 7, 21]
祝桥2路	[92, 80, 60, 48, 24, 20, 24, 28, 28, 56, 72, 100, 20, 0, 0, 0, 0, 0, 0]
183路	[75, 100, 64, 38, 27, 22, 31, 22, 33, 42, 46, 66, 66, 48, 14, 0, 0, 0, 18]
洋山专线	[0, 0, 0, 100, 80, 60, 40, 40, 80, 40, 0, 0, 0, 0, 0, 0, 0, 0, 0]
1028路	[2, 100, 83, 4, 2, 7, 2, 11, 11, 4, 30, 90, 11, 16, 0, 0, 0, 0, 0]
1087路	[50, 61, 100, 27, 22, 11, 11, 16, 16, 27, 44, 27, 33, 0, 0, 0, 0, 0, 0]
新场1路	[28, 50, 100, 42, 14, 14, 7, 14, 21, 28, 64, 42, 0, 0, 0, 0, 0, 0, 0]
614路	[31, 100, 75, 25, 16, 14, 14, 12, 11, 18, 27, 40, 51, 27, 14, 18, 7, 0, 3]
浦东24路	[79, 100, 66, 30, 23, 20, 23, 23, 28, 38, 71, 82, 51, 20, 0, 0, 0, 0, 15]
1065路	[66, 100, 44, 44, 11, 11, 33, 33, 22, 44, 66, 33, 44, 0, 0, 0, 0, 0, 0]
1101路	[85, 100, 100, 14, 9, 33, 33, 57, 38, 33, 47, 76, 19, 0, 0, 0, 0, 0, 0]
1027路	[20, 100, 36, 16, 10, 23, 16, 16, 23, 26, 33, 13, 16, 10, 3, 0, 0, 0, 0]
961路	[47, 93, 100, 45, 33, 27, 31, 27, 39, 37, 60, 83, 70, 41, 31, 25, 6, 0, 0]
川沙5路	[100, 100, 45, 19, 2, 19, 11, 0, 0, 23, 28, 76, 28, 0, 0, 0, 0, 0, 0]
泥城1路	[78, 56, 30, 8, 8, 4, 4, 4, 21, 30, 100, 26, 4, 0, 0, 0, 0, 0, 0]
1074路	[100, 50, 100, 100, 33, 50, 0, 50, 33, 66, 83, 66, 0, 0, 0, 0, 0, 0, 0]
曹路1路	[65, 100, 50, 39, 21, 16, 20, 17, 24, 39, 58, 41, 20, 2, 3, 0, 0, 0, 16]
浦东12路	[20, 100, 61, 25, 10, 10, 14, 11, 12, 14, 23, 37, 52, 48, 14, 10, 8, 1, 3]
989路	[59, 100, 70, 40, 25, 27, 29, 20, 22, 34, 45, 68, 65, 43, 27, 20, 6, 0, 9]
浦江2路	[22, 100, 44, 22, 11, 22, 11, 33, 11, 66, 88, 55, 33, 11, 0, 0, 0, 0, 0]
1024路	[0, 100, 60, 0, 0, 0, 0, 0, 0, 0, 0, 0, 0, 0, 0, 0, 0, 0, 0]
1083路	[25, 100, 82, 25, 21, 10, 7, 14, 7, 17, 21, 42, 32, 10, 10, 0, 0, 0, 0]
610路	[62, 100, 86, 45, 29, 36, 31, 31, 36, 50, 62, 67, 50, 27, 22, 16, 8, 1, 13]
1069路	[100, 90, 78, 55, 21, 35, 23, 35, 35, 60, 70, 91, 53, 48, 38, 15, 3, 0, 13]
1077路	[42, 94, 51, 62, 77, 57, 100, 77, 45, 60, 60, 57, 54, 74, 54, 28, 8, 5, 5]
454路	[40, 85, 100, 47, 42, 37, 42, 37, 47, 50, 65, 62, 55, 32, 27, 20, 7, 0, 10]
陆家嘴金融城3路	[0, 52, 100, 36, 8, 8, 4, 8, 4, 4, 16, 40, 48, 4, 4, 0, 0, 0, 0]
泥城5路	[80, 77, 38, 12, 16, 6, 6, 9, 12, 45, 100, 38, 6, 0, 0, 0, 0, 0, 0]
990路	[28, 100, 75, 20, 11, 8, 13, 8, 13, 17, 28, 28, 55, 35, 17, 20, 17, 2, 4]
施崂专线	[55, 100, 75, 40, 23, 30, 31, 26, 31, 40, 51, 60, 50, 38, 35, 20, 10, 0, 11]
1070路	[80, 100, 85, 71, 61, 38, 47, 38, 42, 71, 52, 80, 23, 19, 38, 9, 14, 0, 19]
992路	[56, 91, 100, 62, 41, 43, 52, 50, 52, 58, 75, 100, 91, 58, 56, 45, 33, 8, 20]
浦东29路	[100, 75, 57, 21, 7, 10, 10, 14, 7, 10, 50, 46, 25, 0, 0, 0, 0, 0, 0]
周康6路	[32, 98, 85, 29, 16, 18, 25, 30, 20, 50, 61, 100, 49, 9, 0, 0, 0, 0, 0]
隧道夜宵线	[0, 0, 0, 0, 0, 0, 0, 0, 0, 0, 0, 0, 0, 100, 47, 48, 44, 67, 2]
泥城2路	[72, 88, 72, 8, 12, 16, 16, 12, 20, 36, 96, 100, 16, 0, 0, 0, 0, 0, 0]
1009路	[26, 100, 38, 18, 14, 14, 14, 22, 10, 68, 48, 24, 32, 20, 0, 0, 0, 0, 0]
640路	[53, 100, 80, 51, 38, 34, 36, 34, 34, 40, 68, 78, 51, 31, 19, 12, 0, 0, 0]
浦东32路	[54, 100, 56, 29, 21, 17, 19, 23, 21, 25, 54, 78, 37, 25, 15, 7, 0, 0, 5]
浦江3路	[100, 88, 48, 25, 14, 25, 22, 11, 14, 33, 66, 62, 81, 55, 48, 33, 25, 0, 33]
1038路	[100, 94, 77, 35, 22, 16, 23, 20, 26, 31, 61, 74, 71, 29, 0, 0, 0, 0, 7]
1046路	[8, 100, 98, 53, 17, 10, 12, 12, 10, 17, 35, 69, 58, 5, 0, 0, 0, 0, 0]
北蔡1路	[47, 100, 67, 32, 26, 23, 26, 17, 17, 35, 52, 85, 85, 35, 2, 0, 0, 0, 0]
787路	[44, 84, 100, 57, 35, 31, 31, 33, 40, 42, 55, 68, 53, 37, 31, 22, 11, 0, 6]
993路	[56, 100, 82, 46, 29, 26, 26, 21, 24, 29, 41, 63, 58, 60, 51, 51, 29, 7, 12]
1095路	[27, 100, 51, 6, 15, 6, 21, 9, 18, 15, 48, 63, 30, 0, 0, 0, 0, 0, 0]
书院2路	[81, 100, 72, 27, 9, 18, 27, 45, 45, 63, 72, 27, 18, 0, 0, 0, 0, 0, 0]
浦东31路	[18, 100, 48, 25, 18, 7, 3, 18, 22, 22, 48, 81, 33, 33, 0, 0, 0, 0, 0]
花木2路	[27, 91, 100, 26, 13, 8, 12, 15, 18, 25, 31, 71, 61, 31, 28, 11, 0, 0, 0]
1073路	[18, 100, 31, 9, 4, 0, 4, 0, 4, 0, 18, 22, 9, 0, 0, 0, 0, 0, 0]
周康3路	[81, 100, 75, 20, 6, 14, 22, 12, 20, 46, 71, 83, 51, 0, 0, 0, 0, 0, 4]
1048路	[0, 13, 91, 36, 11, 8, 2, 8, 16, 19, 33, 100, 11, 0, 0, 0, 0, 0, 0]
984路	[47, 100, 65, 33, 18, 17, 18, 15, 18, 24, 37, 57, 55, 23, 14, 11, 5, 0, 5]
金桥1路	[1, 48, 100, 24, 9, 6, 9, 5, 9, 12, 21, 55, 39, 8, 1, 0, 0, 0, 0]
大桥四线	[74, 100, 79, 46, 31, 30, 31, 30, 34, 63, 87, 76, 57, 38, 28, 22, 11, 1, 7]
1089路	[75, 100, 100, 37, 50, 75, 0, 25, 0, 62, 62, 50, 12, 0, 0, 0, 0, 0, 0]
983路	[35, 100, 78, 50, 21, 21, 28, 14, 35, 28, 35, 71, 21, 21, 7, 0, 0, 0, 0]
浦东4路	[25, 46, 100, 36, 15, 14, 11, 11, 19, 25, 39, 73, 28, 23, 15, 14, 7, 1, 1]
789路	[59, 100, 95, 55, 36, 32, 36, 34, 36, 44, 57, 73, 61, 40, 30, 30, 20, 2, 16]
986路区间	[59, 100, 88, 46, 29, 29, 35, 31, 35, 44, 64, 76, 55, 34, 29, 22, 13, 1, 10]
新场2路	[40, 40, 46, 13, 33, 6, 40, 13, 33, 66, 100, 86, 13, 0, 0, 0, 0, 0, 0]
1091路	[0, 100, 47, 32, 7, 7, 10, 6, 5, 19, 11, 30, 42, 17, 0, 0, 0, 0, 0]
龙东专线	[60, 100, 86, 45, 28, 26, 26, 28, 32, 41, 62, 75, 41, 13, 1, 0, 0, 0, 15]
976路	[49, 92, 100, 43, 30, 30, 34, 29, 38, 50, 69, 85, 90, 43, 38, 38, 18, 0, 5]
周康5路	[37, 100, 80, 34, 22, 17, 22, 14, 25, 31, 48, 77, 31, 2, 0, 0, 0, 0, 2]
970路	[45, 91, 100, 42, 24, 22, 26, 24, 29, 42, 50, 71, 68, 38, 29, 22, 12, 0, 5]
980路	[51, 96, 100, 67, 48, 36, 46, 50, 44, 50, 65, 78, 69, 40, 36, 23, 13, 0, 9]
1004路	[52, 100, 78, 52, 15, 15, 26, 15, 21, 57, 63, 63, 63, 0, 0, 0, 0, 0, 0]
隧道九线	[60, 100, 91, 57, 40, 34, 40, 40, 42, 54, 71, 65, 51, 31, 22, 20, 14, 0, 8]
曹路3路	[75, 100, 50, 0, 0, 0, 0, 0, 0, 3, 75, 75, 7, 0, 0, 0, 0, 0, 0]
1092路	[100, 5, 31, 15, 10, 0, 0, 21, 0, 31, 36, 15, 15, 0, 0, 0, 0, 0, 0]
花木1路	[10, 93, 100, 47, 22, 18, 27, 25, 20, 35, 43, 60, 68, 39, 20, 10, 0, 0, 0]
779路	[49, 100, 71, 32, 26, 22, 22, 22, 20, 30, 39, 66, 54, 30, 26, 26, 15, 3, 7]
978路	[100, 84, 60, 27, 27, 24, 27, 30, 39, 54, 69, 63, 60, 42, 27, 18, 0, 0, 36]
1019路	[0, 57, 100, 36, 22, 22, 22, 22, 34, 38, 48, 50, 24, 8, 0, 0, 0, 0, 0]
隧道六线	[57, 100, 76, 35, 26, 23, 30, 23, 28, 35, 47, 64, 52, 30, 23, 21, 11, 0, 9]
浦东35路	[67, 100, 90, 58, 37, 40, 40, 41, 46, 66, 87, 87, 74, 41, 22, 9, 1, 0, 3]
大团2路	[57, 100, 30, 30, 15, 15, 19, 11, 15, 7, 38, 42, 0, 0, 0, 0, 0, 0, 3]
1002路	[19, 47, 76, 85, 57, 71, 47, 52, 52, 71, 71, 100, 61, 38, 4, 14, 33, 0, 0]
1096路	[33, 72, 100, 44, 16, 5, 22, 5, 5, 16, 88, 44, 38, 5, 0, 0, 0, 0, 0]
1055路	[8, 100, 73, 5, 0, 0, 0, 2, 11, 14, 23, 17, 35, 2, 29, 5, 0, 0, 0]
794路	[79, 93, 100, 41, 35, 31, 31, 31, 37, 54, 79, 81, 54, 29, 22, 14, 4, 0, 12]
843路	[48, 96, 100, 61, 53, 40, 46, 40, 57, 77, 87, 100, 75, 42, 33, 24, 5, 0, 1]
1030路	[0, 0, 100, 80, 10, 10, 30, 20, 20, 40, 30, 70, 20, 0, 0, 0, 0, 0, 0]
浦东8路	[100, 63, 41, 20, 47, 19, 0, 4, 7, 38, 46, 41, 23, 1, 0, 0, 0, 0, 0]
1010路	[30, 100, 61, 16, 11, 9, 9, 9, 14, 23, 30, 47, 35, 7, 0, 0, 0, 0, 0]
1056路	[19, 100, 57, 38, 22, 17, 19, 8, 5, 24, 36, 45, 43, 31, 15, 7, 0, 0, 0]
955路	[42, 73, 100, 71, 48, 40, 46, 46, 51, 61, 63, 71, 61, 42, 36, 28, 22, 14, 14]
871路	[43, 98, 100, 59, 36, 35, 33, 35, 35, 47, 61, 84, 63, 33, 29, 26, 12, 0, 8]
1041路	[33, 100, 0, 33, 33, 0, 0, 0, 0, 0, 0, 33, 0, 0, 0, 0, 0, 0, 0]
陆家嘴金融城1路	[2, 30, 100, 22, 10, 13, 8, 8, 7, 10, 18, 58, 23, 6, 2, 0, 0, 0, 0]
1031路	[44, 100, 46, 23, 14, 17, 9, 17, 11, 29, 33, 47, 70, 0, 0, 0, 0, 0, 0]
外高桥3路	[60, 62, 100, 51, 17, 11, 17, 25, 37, 40, 65, 71, 57, 5, 2, 2, 0, 0, 0]
1047路	[83, 95, 100, 37, 41, 29, 12, 25, 41, 50, 75, 87, 37, 4, 0, 0, 0, 0, 0]
南南线	[36, 100, 83, 38, 25, 25, 26, 23, 28, 40, 55, 81, 68, 33, 30, 8, 0, 0, 5]
惠南4路	[100, 72, 72, 35, 35, 27, 35, 40, 40, 70, 89, 64, 29, 10, 0, 0, 0, 0, 0]
新场5路	[33, 100, 47, 38, 4, 9, 19, 4, 9, 52, 47, 38, 0, 0, 0, 0, 0, 0, 0]
浦江1路	[23, 78, 100, 33, 21, 19, 19, 21, 21, 28, 37, 50, 46, 21, 12, 7, 1, 0, 14]
119路	[37, 100, 95, 45, 37, 35, 35, 41, 37, 47, 60, 64, 52, 47, 31, 29, 16, 0, 4]
84路	[44, 94, 83, 38, 27, 22, 22, 27, 27, 61, 100, 61, 44, 16, 16, 5, 5, 0, 0]
169路	[77, 100, 97, 52, 47, 44, 50, 30, 41, 50, 69, 83, 80, 52, 25, 5, 0, 0, 0]
784路	[56, 76, 100, 40, 20, 16, 16, 16, 28, 24, 64, 36, 24, 24, 12, 8, 0, 0, 0]
1034路	[43, 100, 80, 19, 14, 24, 54, 47, 36, 43, 45, 36, 35, 40, 14, 0, 0, 0, 0]
1042路	[0, 100, 48, 36, 8, 40, 44, 24, 28, 40, 48, 24, 16, 0, 0, 0, 0, 0, 0]
三林1路	[22, 100, 77, 40, 25, 12, 10, 13, 13, 27, 48, 31, 40, 21, 19, 1, 0, 0, 0]
隧道三线	[34, 100, 93, 41, 32, 26, 30, 32, 28, 32, 39, 56, 39, 21, 17, 15, 13, 4, 10]
1053路	[55, 100, 30, 17, 12, 12, 5, 15, 12, 30, 65, 75, 17, 0, 0, 0, 0, 0, 0]
1099路	[38, 100, 58, 3, 9, 3, 9, 0, 0, 9, 29, 32, 6, 0, 0, 0, 0, 0, 0]
799路	[45, 100, 76, 25, 21, 25, 23, 25, 27, 30, 43, 70, 63, 38, 29, 23, 16, 1, 9]
川芦专线	[73, 100, 66, 35, 30, 28, 26, 30, 33, 40, 69, 71, 40, 16, 0, 0, 0, 0, 23]
1080路	[44, 100, 70, 37, 25, 22, 21, 22, 25, 35, 48, 59, 81, 58, 43, 24, 13, 1, 6]
219路	[51, 100, 82, 45, 34, 31, 28, 31, 34, 45, 80, 74, 74, 37, 28, 25, 2, 0, 5]
583路	[79, 100, 82, 53, 41, 33, 38, 43, 41, 51, 71, 79, 64, 46, 41, 38, 23, 0, 20]
915路	[100, 69, 76, 46, 30, 46, 42, 34, 42, 50, 84, 84, 57, 38, 30, 23, 11, 3, 46]
惠南8路	[54, 100, 68, 14, 37, 22, 2, 22, 28, 31, 45, 68, 54, 8, 0, 0, 0, 0, 2]
周南线	[77, 100, 79, 54, 46, 39, 42, 40, 45, 57, 84, 78, 65, 40, 27, 12, 0, 0, 14]
455路	[60, 100, 87, 52, 32, 30, 32, 37, 37, 57, 65, 82, 85, 40, 32, 35, 22, 2, 15]
两滨专线	[100, 70, 47, 35, 29, 23, 29, 11, 29, 41, 70, 52, 52, 11, 5, 0, 0, 0, 0]
航头3路	[93, 56, 54, 33, 22, 18, 18, 20, 18, 33, 100, 68, 6, 0, 0, 0, 0, 0, 0]
1100路	[56, 100, 56, 62, 31, 18, 12, 25, 31, 62, 75, 81, 31, 6, 0, 0, 0, 0, 0]
老港1路	[100, 50, 40, 35, 15, 5, 10, 15, 20, 25, 35, 60, 5, 0, 0, 0, 0, 0, 5]
周康10路	[0, 83, 83, 33, 50, 33, 41, 16, 41, 66, 83, 100, 58, 58, 8, 0, 0, 0, 0]
南七线	[63, 100, 73, 30, 33, 23, 30, 30, 30, 46, 76, 60, 46, 6, 0, 0, 0, 0, 6]
775路	[51, 100, 78, 38, 25, 19, 26, 23, 28, 36, 51, 63, 40, 26, 21, 17, 9, 0, 7]
隧道一线	[52, 100, 93, 47, 32, 28, 34, 32, 34, 45, 69, 80, 73, 36, 26, 32, 13, 8, 10]
1015路	[28, 100, 40, 6, 0, 0, 0, 0, 0, 0, 30, 54, 32, 2, 0, 0, 0, 0, 0]
1021路	[41, 100, 97, 34, 19, 12, 7, 9, 17, 46, 58, 75, 80, 0, 0, 0, 0, 0, 0]
772路	[68, 100, 92, 31, 26, 24, 19, 19, 24, 43, 51, 92, 68, 36, 14, 9, 0, 0, 7]
1062路	[78, 57, 78, 21, 35, 28, 14, 21, 14, 7, 100, 14, 0, 0, 0, 0, 0, 0, 0]
1098路	[0, 0, 0, 0, 0, 0, 0, 0, 0, 0, 100, 50, 0, 0, 0, 0, 0, 0, 0]
792路	[46, 100, 73, 28, 16, 25, 19, 21, 21, 37, 48, 66, 35, 26, 23, 19, 8, 0, 7]
1061路	[100, 50, 37, 12, 0, 12, 25, 0, 12, 50, 12, 37, 25, 0, 0, 0, 0, 0, 12]
451路	[69, 100, 79, 44, 34, 34, 37, 34, 32, 34, 46, 53, 51, 53, 34, 34, 27, 18, 27]
969路	[54, 100, 86, 45, 31, 31, 31, 31, 36, 45, 50, 59, 36, 18, 18, 18, 4, 0, 9]
174路	[51, 100, 68, 36, 29, 26, 26, 26, 31, 41, 41, 73, 53, 34, 26, 24, 4, 0, 9]
1050路	[40, 100, 89, 36, 30, 26, 20, 17, 17, 39, 49, 67, 75, 3, 0, 0, 0, 0, 0]
申港3路	[29, 100, 94, 47, 17, 58, 29, 52, 35, 47, 94, 64, 35, 23, 0, 0, 0, 0, 0]
163路	[35, 100, 83, 30, 13, 11, 15, 13, 16, 22, 45, 37, 30, 20, 16, 13, 7, 0, 5]
南闵专线	[65, 100, 74, 42, 29, 27, 27, 27, 40, 46, 72, 85, 40, 21, 4, 0, 0, 2, 21]
惠南1路	[82, 93, 76, 53, 29, 36, 27, 29, 46, 70, 100, 87, 48, 8, 0, 0, 0, 0, 2]
浦东18路	[100, 77, 66, 33, 33, 44, 22, 22, 55, 33, 66, 100, 55, 33, 0, 0, 0, 0, 22]
791路	[38, 100, 96, 46, 36, 30, 26, 26, 38, 62, 80, 98, 76, 36, 36, 22, 14, 0, 8]
惠南6路	[43, 100, 64, 35, 31, 17, 25, 25, 30, 44, 39, 48, 47, 39, 0, 0, 0, 0, 0]
1066路	[57, 100, 81, 43, 22, 27, 25, 25, 30, 38, 50, 62, 84, 71, 39, 28, 12, 0, 4]
1017路	[25, 100, 64, 22, 6, 6, 12, 6, 48, 35, 41, 41, 38, 3, 0, 0, 0, 0, 0]
1012路	[25, 100, 81, 46, 40, 20, 20, 16, 23, 28, 31, 47, 40, 5, 0, 0, 0, 0, 0]
1085路	[0, 55, 100, 10, 0, 0, 0, 0, 0, 0, 15, 50, 15, 0, 0, 0, 0, 0, 0]
龙惠专线	[43, 91, 91, 52, 35, 35, 33, 35, 37, 45, 72, 100, 68, 50, 22, 2, 0, 0, 4]
周康9路	[66, 100, 66, 35, 25, 19, 23, 15, 19, 33, 49, 72, 66, 31, 21, 5, 0, 0, 3]
芦杜专线	[55, 100, 73, 31, 36, 36, 39, 34, 34, 60, 84, 92, 34, 15, 2, 0, 0, 0, 2]
177路	[56, 100, 90, 41, 27, 23, 23, 29, 31, 41, 50, 62, 56, 31, 31, 27, 13, 0, 7]
浦东7路	[100, 94, 70, 41, 35, 29, 52, 52, 64, 47, 82, 52, 23, 0, 0, 0, 0, 0, 17]
浦东21路	[0, 93, 100, 46, 6, 0, 0, 0, 0, 0, 13, 66, 40, 0, 0, 0, 0, 0, 0]
1026路	[3, 81, 100, 12, 0, 0, 0, 0, 0, 0, 32, 96, 61, 7, 0, 0, 0, 0, 0]
1086路	[83, 100, 83, 20, 25, 25, 33, 4, 33, 54, 91, 79, 33, 0, 0, 0, 0, 0, 0]
浦东27路	[30, 100, 61, 17, 11, 10, 11, 18, 12, 18, 42, 73, 50, 27, 3, 0, 0, 0, 1]
浦东22路	[36, 91, 100, 47, 28, 31, 22, 31, 24, 33, 52, 80, 64, 28, 17, 12, 3, 0, 3]
南园1路	[66, 100, 95, 60, 16, 10, 14, 37, 20, 37, 89, 81, 33, 14, 0, 0, 0, 0, 6]
1058路	[0, 77, 100, 36, 0, 0, 0, 0, 0, 0, 14, 70, 72, 19, 0, 0, 0, 0, 0]
1075路	[78, 100, 34, 14, 6, 14, 14, 19, 14, 14, 40, 45, 37, 40, 19, 19, 3, 3, 13]
1078路	[15, 52, 67, 100, 58, 73, 63, 47, 69, 80, 65, 34, 15, 8, 0, 0, 0, 0, 0]
1029路	[22, 90, 100, 22, 3, 9, 3, 3, 25, 38, 3, 38, 0, 0, 0, 0, 0, 0, 0]
新川专线	[53, 98, 100, 61, 38, 35, 37, 33, 35, 51, 53, 64, 62, 33, 31, 27, 14, 5, 16]
1076路	[94, 82, 40, 40, 14, 25, 5, 20, 14, 31, 100, 45, 20, 22, 2, 14, 0, 0, 2]
130路	[48, 75, 77, 40, 28, 24, 26, 26, 44, 68, 91, 100, 64, 40, 33, 24, 11, 0, 6]
572路	[63, 90, 100, 67, 51, 42, 41, 41, 47, 50, 57, 70, 57, 42, 31, 28, 17, 2, 10]
川沙4路	[0, 100, 63, 27, 36, 22, 13, 22, 18, 22, 27, 86, 45, 22, 18, 27, 0, 0, 0]
1013路	[14, 66, 100, 42, 0, 33, 0, 0, 0, 4, 38, 71, 38, 0, 0, 0, 0, 0, 0]
浦东10路	[0, 57, 100, 0, 0, 0, 14, 42, 14, 28, 85, 0, 0, 0, 0, 0, 0, 0, 0]
祝桥3路	[80, 90, 80, 0, 0, 20, 0, 0, 0, 0, 90, 20, 100, 0, 0, 0, 0, 0, 10]
1022路	[100, 100, 100, 50, 0, 0, 25, 0, 25, 75, 50, 75, 25, 0, 25, 0, 0, 0, 0]
988路	[50, 91, 100, 38, 30, 21, 25, 20, 23, 41, 56, 83, 68, 35, 23, 15, 3, 0, 8]
1082路	[100, 66, 47, 19, 0, 14, 23, 9, 14, 19, 33, 23, 23, 0, 0, 0, 0, 0, 0]
浦东25路	[13, 100, 82, 33, 20, 11, 8, 8, 6, 13, 37, 73, 62, 6, 0, 0, 0, 0, 0]
604路	[56, 100, 94, 56, 38, 44, 46, 44, 52, 72, 82, 90, 68, 42, 36, 26, 0, 0, 0]
1068路	[52, 100, 68, 30, 23, 17, 20, 15, 18, 23, 31, 36, 68, 62, 40, 20, 15, 0, 8]
1063路	[63, 100, 100, 63, 18, 9, 63, 18, 27, 72, 90, 36, 0, 0, 0, 0, 0, 0, 0]
1071路	[84, 100, 89, 47, 47, 42, 26, 21, 34, 68, 92, 55, 28, 18, 0, 0, 0, 0, 0]
惠南2路	[66, 81, 66, 62, 48, 51, 44, 59, 81, 85, 100, 88, 37, 7, 0, 0, 0, 0, 0]
1025路	[34, 100, 88, 50, 63, 15, 34, 36, 34, 65, 72, 63, 40, 22, 0, 0, 0, 0, 0]
611路	[82, 100, 82, 38, 33, 30, 33, 25, 35, 46, 58, 76, 56, 46, 15, 5, 0, 0, 17]
1081路	[0, 100, 100, 71, 52, 33, 33, 38, 52, 90, 78, 30, 7, 0, 0, 0, 0, 0, 0]
书院3路	[100, 86, 39, 21, 8, 8, 8, 8, 13, 34, 69, 52, 0, 0, 0, 0, 0, 0, 0]
774路	[55, 100, 95, 53, 40, 33, 37, 35, 44, 46, 64, 86, 75, 48, 40, 33, 26, 2, 6]
