985路	[43, 90, 100, 58, 39, 46, 41, 51, 53, 65, 75, 95, 68, 39, 34, 31, 24, 0, 4]
314路	[0, 0, 0, 0, 0, 0, 0, 0, 0, 0, 0, 0, 0, 64, 42, 26, 21, 100, 16]
1039路	[28, 100, 61, 17, 12, 18, 14, 15, 4, 9, 30, 37, 13, 1, 0, 0, 0, 0, 1]
龙新芦专线	[51, 100, 66, 33, 23, 23, 20, 25, 28, 35, 84, 84, 56, 17, 2, 0, 0, 0, 20]
鹤莘线	[63, 100, 67, 45, 36, 28, 32, 30, 43, 43, 60, 60, 67, 23, 4, 0, 0, 0, 0]
宣桥1路	[40, 100, 40, 48, 3, 7, 22, 14, 22, 29, 51, 25, 18, 0, 0, 0, 0, 0, 0]
780路	[73, 100, 94, 57, 44, 36, 44, 36, 47, 63, 71, 76, 55, 31, 23, 21, 10, 2, 23]
85路	[44, 100, 87, 40, 21, 21, 18, 15, 21, 31, 41, 74, 67, 34, 27, 22, 21, 4, 12]
1036路	[84, 100, 36, 10, 15, 10, 5, 5, 21, 36, 89, 42, 5, 0, 0, 0, 0, 0, 15]
1093路	[100, 85, 85, 71, 14, 0, 0, 42, 28, 57, 57, 14, 14, 0, 0, 0, 0, 0, 0]
786路	[38, 100, 92, 50, 27, 29, 29, 25, 32, 47, 58, 60, 61, 30, 23, 18, 9, 0, 5]
995路	[38, 95, 100, 41, 22, 22, 20, 19, 20, 35, 53, 77, 59, 33, 20, 14, 6, 1, 3]
636路	[34, 100, 80, 34, 19, 20, 20, 19, 20, 24, 32, 61, 75, 61, 43, 27, 12, 0, 2]
外高桥1路	[13, 100, 66, 66, 26, 53, 53, 46, 60, 33, 80, 40, 0, 0, 0, 0, 0, 0, 0]
浦东1路	[4, 98, 96, 46, 24, 16, 24, 16, 24, 20, 38, 100, 74, 26, 10, 2, 0, 0, 0]
863路	[37, 71, 75, 46, 42, 31, 42, 40, 51, 71, 100, 75, 68, 37, 37, 20, 6, 0, 4]
南川线	[50, 100, 94, 50, 28, 23, 28, 21, 31, 50, 44, 73, 60, 34, 21, 5, 0, 0, 7]
申崇六线	[100, 83, 83, 66, 50, 66, 50, 83, 66, 83, 50, 50, 33, 16, 16, 0, 0, 0, 33]
785路	[61, 100, 97, 67, 48, 40, 40, 40, 51, 65, 71, 85, 73, 44, 34, 24, 12, 2, 8]
1072路	[100, 93, 53, 23, 13, 16, 6, 10, 40, 33, 40, 26, 26, 20, 16, 3, 6, 0, 0]
川沙2路	[100, 79, 66, 12, 12, 29, 25, 16, 25, 25, 83, 54, 25, 0, 0, 0, 0, 0, 4]
大桥五线	[35, 66, 92, 32, 16, 11, 20, 16, 20, 20, 39, 100, 58, 26, 20, 18, 11, 0, 1]
182路	[55, 100, 63, 23, 19, 17, 14, 14, 21, 36, 63, 68, 48, 23, 10, 2, 0, 0, 12]
外高桥4路	[19, 82, 100, 55, 22, 28, 14, 20, 22, 50, 46, 52, 33, 9, 0, 0, 0, 0, 0]
蔡陆专线	[57, 100, 81, 44, 27, 32, 34, 36, 36, 45, 57, 72, 60, 44, 32, 18, 3, 1, 18]
81路	[75, 100, 80, 36, 26, 25, 23, 25, 28, 42, 40, 53, 46, 38, 30, 26, 21, 11, 30]
1049路	[0, 21, 100, 21, 7, 10, 7, 7, 9, 9, 18, 55, 9, 3, 0, 0, 0, 0, 0]
638路	[53, 88, 100, 41, 32, 25, 32, 27, 37, 65, 74, 69, 58, 37, 27, 20, 4, 0, 9]
新场3路	[25, 50, 50, 75, 0, 100, 0, 25, 50, 25, 75, 50, 0, 0, 0, 0, 0, 0, 0]
泥城4路	[100, 36, 15, 10, 10, 5, 5, 10, 10, 15, 84, 15, 10, 0, 0, 0, 0, 0, 5]
周康3路	[84, 96, 100, 29, 7, 5, 17, 11, 27, 19, 82, 94, 60, 7, 0, 0, 0, 0, 3]
1079路	[80, 100, 70, 50, 30, 30, 70, 60, 50, 80, 40, 30, 40, 0, 0, 0, 0, 0, 0]
周康4路	[58, 100, 93, 31, 22, 16, 18, 10, 14, 62, 72, 87, 39, 6, 0, 0, 0, 0, 0]
971路	[57, 100, 74, 38, 23, 22, 25, 26, 33, 42, 58, 60, 60, 46, 28, 23, 4, 0, 1]
1090路	[1, 51, 100, 19, 10, 7, 8, 13, 7, 10, 13, 38, 22, 3, 0, 0, 0, 0, 0]
惠南11路	[77, 91, 100, 56, 44, 15, 64, 32, 31, 69, 77, 61, 37, 4, 0, 0, 0, 0, 1]
浦东20路	[32, 100, 91, 24, 16, 18, 20, 18, 19, 20, 32, 69, 79, 44, 3, 0, 0, 0, 0]
芦潮港1路	[38, 100, 69, 15, 7, 7, 15, 15, 23, 30, 46, 46, 15, 0, 0, 0, 0, 0, 0]
981路	[66, 100, 89, 53, 33, 32, 37, 39, 41, 60, 64, 80, 66, 42, 30, 25, 19, 3, 10]
83路	[34, 100, 100, 35, 22, 22, 23, 20, 28, 39, 49, 53, 49, 35, 20, 4, 3, 0, 0]
1008路	[15, 77, 100, 34, 18, 17, 12, 8, 19, 38, 56, 70, 71, 35, 3, 0, 0, 0, 0]
338路	[0, 0, 0, 0, 0, 0, 0, 0, 0, 0, 0, 0, 0, 100, 47, 35, 41, 100, 0]
曹路4路	[25, 100, 53, 21, 14, 0, 3, 3, 7, 28, 64, 28, 14, 10, 0, 0, 0, 0, 0]
1018路	[42, 98, 100, 45, 29, 22, 21, 19, 30, 50, 50, 57, 45, 26, 16, 2, 0, 0, 0]
南闵专线	[79, 100, 75, 45, 31, 27, 31, 27, 38, 47, 65, 77, 45, 20, 4, 0, 0, 4, 22]
六灶2路	[35, 78, 100, 35, 28, 0, 35, 14, 35, 57, 42, 71, 7, 0, 0, 0, 0, 0, 0]
164路	[47, 100, 76, 29, 11, 8, 14, 8, 17, 26, 61, 82, 41, 23, 14, 8, 2, 0, 8]
浦东9路	[86, 100, 72, 34, 27, 31, 31, 24, 44, 58, 89, 75, 24, 13, 0, 0, 0, 0, 31]
1003路	[33, 100, 85, 41, 20, 20, 15, 17, 22, 23, 32, 50, 41, 28, 2, 0, 0, 0, 0]
惠南3路	[55, 82, 100, 61, 55, 46, 44, 50, 69, 53, 80, 55, 61, 19, 0, 0, 0, 0, 0]
1032路	[16, 65, 100, 30, 11, 6, 9, 7, 7, 16, 33, 59, 41, 9, 0, 0, 0, 0, 1]
1040路	[42, 57, 100, 21, 14, 14, 0, 0, 28, 50, 42, 28, 7, 0, 0, 0, 0, 0, 0]
1054路	[28, 100, 95, 28, 14, 14, 19, 9, 9, 28, 38, 23, 28, 19, 19, 4, 0, 0, 0]
沪南线	[74, 100, 85, 44, 37, 37, 39, 37, 40, 51, 63, 81, 63, 43, 31, 21, 14, 1, 20]
815路	[60, 100, 100, 48, 33, 26, 33, 33, 42, 48, 80, 100, 73, 32, 16, 7, 0, 0, 0]
796路	[34, 100, 79, 36, 23, 21, 23, 24, 26, 32, 52, 67, 56, 28, 4, 0, 0, 0, 4]
浦江7路	[100, 50, 50, 12, 12, 12, 12, 25, 12, 25, 50, 75, 12, 0, 0, 0, 0, 0, 0]
798路	[38, 100, 92, 36, 19, 16, 21, 19, 28, 30, 43, 70, 61, 39, 29, 29, 18, 4, 8]
781路	[42, 100, 91, 51, 36, 24, 30, 34, 30, 42, 53, 69, 57, 28, 24, 16, 8, 0, 10]
川白线	[57, 100, 69, 40, 32, 30, 28, 30, 42, 49, 65, 73, 37, 27, 19, 4, 0, 0, 7]
浦东2路	[6, 100, 68, 14, 6, 8, 8, 6, 4, 8, 10, 52, 58, 41, 25, 8, 0, 0, 0]
川奉专线	[65, 100, 75, 42, 29, 26, 29, 31, 34, 43, 62, 71, 46, 18, 6, 0, 0, 0, 7]
639路	[59, 100, 75, 51, 37, 27, 35, 29, 37, 48, 56, 100, 83, 40, 32, 21, 16, 0, 10]
1035路	[100, 71, 57, 42, 14, 14, 0, 14, 28, 28, 28, 28, 14, 0, 0, 0, 0, 0, 0]
浦江11路	[46, 100, 67, 25, 20, 17, 18, 14, 12, 22, 30, 51, 78, 76, 40, 33, 28, 7, 0]
大桥六线	[43, 93, 100, 52, 34, 36, 38, 36, 31, 34, 54, 70, 63, 27, 22, 15, 4, 0, 2]
167路	[40, 86, 100, 96, 73, 73, 80, 80, 76, 76, 86, 93, 86, 46, 36, 26, 20, 0, 10]
浦东3路	[80, 100, 62, 26, 28, 28, 17, 20, 31, 35, 68, 73, 51, 13, 26, 8, 0, 0, 13]
惠南5路	[96, 96, 100, 53, 19, 26, 38, 46, 50, 57, 92, 92, 23, 7, 0, 0, 0, 0, 0]
1037路	[68, 100, 24, 20, 8, 12, 20, 16, 16, 32, 48, 44, 12, 0, 0, 0, 0, 0, 0]
浦东28路	[0, 66, 100, 0, 0, 0, 0, 0, 0, 0, 0, 0, 0, 0, 0, 0, 0, 0, 0]
1097路	[19, 100, 68, 26, 9, 6, 4, 0, 3, 3, 10, 28, 68, 8, 0, 0, 0, 0, 0]
782路	[70, 95, 100, 53, 41, 43, 48, 39, 53, 68, 75, 85, 78, 36, 36, 26, 21, 0, 17]
北蔡2路	[4, 71, 57, 38, 23, 23, 23, 28, 47, 66, 61, 90, 100, 9, 0, 0, 0, 0, 0]
991路	[50, 100, 85, 42, 30, 27, 35, 32, 35, 47, 60, 77, 72, 42, 37, 22, 5, 0, 15]
龙临专线	[100, 100, 85, 39, 42, 39, 46, 39, 53, 71, 92, 96, 64, 10, 3, 0, 0, 0, 25]
浦东33路	[0, 15, 0, 23, 30, 15, 23, 61, 100, 92, 53, 15, 15, 0, 0, 0, 0, 0, 0]
1043路	[28, 69, 83, 59, 54, 59, 59, 85, 97, 100, 83, 61, 59, 52, 28, 26, 9, 0, 7]
1059路	[100, 40, 5, 5, 5, 5, 5, 5, 0, 25, 90, 30, 5, 0, 0, 0, 0, 0, 0]
浦东30路	[53, 100, 60, 86, 13, 20, 33, 33, 53, 33, 60, 80, 26, 26, 6, 0, 0, 0, 0]
1057路	[22, 72, 100, 40, 34, 31, 19, 16, 22, 55, 70, 95, 45, 14, 16, 0, 0, 0, 0]
1088路	[20, 100, 76, 8, 4, 8, 8, 4, 12, 8, 40, 44, 20, 0, 0, 0, 0, 0, 0]
1102路	[25, 50, 25, 25, 0, 0, 0, 0, 0, 0, 0, 100, 0, 0, 0, 0, 0, 0, 0]
1011路	[8, 91, 100, 51, 23, 23, 25, 23, 27, 48, 57, 74, 48, 6, 0, 0, 0, 0, 0]
82路	[22, 64, 100, 41, 31, 22, 27, 22, 25, 25, 33, 52, 41, 29, 16, 18, 16, 2, 8]
申港1路	[48, 52, 92, 68, 64, 52, 68, 56, 92, 100, 60, 52, 20, 0, 0, 0, 0, 0, 0]
183路	[65, 100, 62, 34, 25, 31, 29, 24, 29, 32, 48, 65, 74, 55, 8, 0, 0, 0, 17]
洋山专线区间	[0, 0, 33, 33, 33, 33, 66, 0, 33, 100, 33, 0, 0, 0, 0, 0, 0, 0, 0]
1020路	[0, 66, 83, 25, 25, 0, 0, 0, 8, 50, 58, 100, 0, 0, 0, 0, 0, 0, 0]
南新专线	[62, 100, 85, 47, 37, 35, 39, 41, 41, 60, 68, 81, 47, 31, 25, 20, 8, 6, 18]
581路	[58, 100, 88, 49, 35, 33, 35, 33, 35, 41, 39, 60, 69, 35, 30, 28, 18, 3, 7]
1005路	[58, 100, 50, 14, 17, 12, 14, 12, 30, 33, 58, 41, 44, 7, 3, 1, 0, 0, 10]
573路	[36, 87, 100, 41, 26, 21, 26, 26, 26, 34, 48, 65, 48, 21, 19, 14, 7, 0, 2]
1023路	[7, 100, 69, 15, 0, 0, 0, 0, 0, 30, 69, 61, 38, 0, 0, 0, 0, 0, 0]
浦东19路	[100, 55, 22, 11, 5, 22, 33, 11, 33, 5, 72, 5, 16, 16, 0, 0, 0, 0, 5]
1067路	[54, 100, 52, 24, 28, 28, 26, 26, 28, 33, 49, 57, 77, 68, 35, 28, 7, 0, 5]
1052路	[0, 73, 100, 34, 30, 26, 30, 52, 52, 82, 78, 65, 43, 0, 0, 0, 0, 0, 0]
1094路	[100, 100, 25, 25, 25, 25, 25, 0, 0, 25, 25, 100, 0, 0, 0, 0, 0, 0, 0]
川沙3路	[38, 100, 82, 38, 29, 14, 26, 5, 23, 17, 38, 67, 26, 17, 5, 2, 0, 0, 0]
175路	[75, 100, 90, 71, 71, 71, 84, 75, 75, 65, 78, 84, 68, 28, 25, 18, 3, 0, 15]
周康2路	[70, 93, 100, 40, 27, 36, 31, 31, 36, 74, 93, 80, 40, 8, 0, 0, 0, 0, 4]
1111路	[54, 100, 84, 45, 32, 41, 47, 34, 45, 71, 78, 60, 54, 54, 28, 19, 8, 0, 0]
张江环线	[8, 68, 100, 27, 10, 10, 12, 13, 10, 13, 15, 60, 50, 22, 15, 8, 1, 0, 0]
1045路	[6, 39, 100, 25, 0, 0, 0, 0, 0, 2, 16, 30, 25, 6, 0, 0, 0, 0, 0]
777路	[3, 90, 80, 64, 19, 12, 3, 19, 12, 9, 22, 100, 38, 16, 9, 0, 0, 0, 0]
987路	[14, 100, 81, 40, 29, 27, 21, 30, 30, 32, 50, 70, 49, 32, 27, 20, 9, 1, 0]
188路	[44, 100, 87, 34, 27, 27, 23, 21, 25, 27, 40, 68, 65, 59, 42, 29, 17, 2, 10]
1001路	[11, 68, 82, 65, 57, 37, 40, 62, 65, 94, 82, 100, 71, 37, 0, 0, 0, 0, 0]
1051路	[15, 40, 100, 75, 30, 15, 15, 20, 30, 15, 10, 70, 30, 0, 0, 0, 0, 0, 0]
790路	[43, 98, 100, 54, 37, 35, 35, 32, 41, 49, 62, 75, 75, 52, 33, 20, 9, 1, 7]
龙港快线	[81, 100, 63, 31, 36, 31, 31, 31, 31, 54, 77, 86, 63, 40, 18, 0, 0, 0, 27]
161路	[24, 100, 69, 43, 26, 26, 30, 24, 35, 45, 47, 86, 50, 33, 24, 5, 0, 0, 0]
张江1路	[16, 100, 56, 20, 10, 8, 10, 9, 10, 13, 18, 41, 68, 41, 18, 9, 1, 0, 0]
453路	[54, 100, 72, 31, 21, 21, 27, 19, 23, 35, 54, 74, 60, 31, 23, 15, 9, 0, 7]
浦江5路	[25, 100, 62, 25, 12, 6, 6, 6, 6, 6, 18, 37, 12, 6, 6, 0, 0, 0, 6]
1060路	[96, 100, 57, 48, 27, 33, 30, 30, 27, 75, 81, 63, 48, 36, 21, 6, 0, 0, 36]
陆家嘴金融城2路	[0, 4, 100, 13, 4, 4, 4, 4, 0, 0, 4, 13, 22, 0, 0, 0, 0, 0, 0]
合庆1路	[57, 100, 34, 38, 15, 7, 3, 3, 11, 19, 65, 46, 19, 0, 0, 0, 0, 0, 0]
181路	[34, 90, 100, 34, 28, 28, 28, 28, 28, 42, 60, 78, 64, 36, 22, 8, 0, 0, 4]
曹路2路	[60, 100, 62, 26, 19, 24, 25, 22, 22, 39, 56, 65, 54, 33, 20, 13, 8, 1, 0]
778路	[83, 100, 97, 43, 27, 21, 24, 27, 35, 45, 72, 83, 64, 35, 27, 5, 0, 0, 13]
浦东6路	[57, 100, 85, 14, 35, 7, 21, 7, 21, 21, 50, 92, 64, 50, 7, 7, 0, 0, 0]
祝桥1路	[63, 72, 72, 18, 0, 0, 9, 9, 9, 9, 100, 81, 9, 0, 0, 0, 0, 0, 0]
周康8路	[0, 50, 100, 0, 0, 0, 0, 0, 0, 0, 85, 28, 0, 0, 0, 0, 0, 0, 0]
783路	[62, 91, 100, 54, 37, 40, 43, 48, 51, 64, 70, 94, 67, 45, 37, 29, 21, 8, 16]
祝桥2路	[79, 100, 70, 54, 33, 29, 16, 33, 33, 70, 75, 79, 45, 0, 0, 0, 0, 0, 0]
惠南10路	[75, 100, 53, 62, 21, 21, 28, 28, 56, 75, 62, 40, 9, 0, 0, 0, 0, 0, 0]
洋山专线	[0, 33, 0, 66, 0, 0, 33, 0, 100, 33, 66, 0, 0, 0, 0, 0, 0, 0, 0]
1028路	[4, 100, 86, 6, 9, 9, 2, 13, 11, 0, 27, 95, 9, 27, 2, 0, 0, 0, 0]
1087路	[45, 55, 100, 25, 25, 15, 5, 20, 25, 30, 60, 40, 25, 0, 0, 0, 0, 0, 0]
614路	[38, 100, 78, 30, 15, 13, 19, 11, 13, 17, 26, 46, 53, 26, 17, 23, 5, 0, 1]
浦东24路	[76, 100, 61, 23, 21, 21, 19, 21, 28, 35, 71, 76, 50, 21, 0, 0, 0, 0, 16]
1065路	[45, 100, 27, 54, 0, 27, 0, 0, 54, 63, 36, 27, 18, 0, 0, 0, 0, 0, 9]
978路	[91, 100, 73, 35, 23, 26, 29, 23, 44, 58, 55, 64, 55, 38, 32, 14, 0, 0, 35]
1027路	[12, 100, 51, 12, 12, 19, 16, 12, 19, 35, 32, 12, 22, 9, 0, 0, 0, 0, 0]
961路	[53, 100, 95, 44, 29, 27, 34, 25, 36, 53, 59, 89, 91, 57, 36, 21, 4, 0, 0]
川沙5路	[100, 91, 47, 4, 8, 10, 13, 0, 0, 10, 32, 69, 43, 2, 0, 0, 0, 0, 0]
泥城1路	[100, 61, 33, 16, 5, 11, 16, 11, 11, 11, 88, 44, 16, 0, 0, 0, 0, 0, 0]
1074路	[33, 75, 100, 16, 8, 33, 0, 8, 16, 25, 8, 58, 0, 0, 0, 0, 0, 0, 0]
曹路1路	[84, 100, 67, 29, 33, 16, 22, 17, 18, 50, 80, 79, 23, 4, 3, 5, 0, 0, 15]
浦东12路	[20, 100, 57, 20, 9, 12, 10, 9, 12, 15, 20, 34, 53, 43, 13, 12, 7, 1, 3]
989路	[58, 100, 74, 39, 25, 25, 27, 25, 27, 30, 44, 67, 65, 51, 30, 16, 9, 0, 11]
浦江2路	[57, 100, 71, 42, 28, 14, 42, 14, 57, 71, 100, 71, 42, 14, 0, 0, 0, 0, 0]
1024路	[0, 100, 66, 0, 0, 0, 0, 0, 0, 0, 0, 0, 0, 0, 0, 0, 0, 0, 0]
1083路	[19, 100, 80, 30, 7, 11, 15, 15, 7, 38, 19, 42, 34, 11, 11, 0, 0, 0, 0]
浦东27路	[33, 100, 77, 22, 12, 15, 12, 18, 24, 33, 56, 89, 60, 31, 0, 0, 0, 0, 1]
1069路	[66, 100, 58, 50, 29, 27, 13, 25, 51, 77, 87, 70, 58, 51, 28, 21, 8, 0, 10]
1077路	[91, 100, 50, 50, 62, 79, 91, 79, 54, 75, 75, 83, 79, 87, 91, 37, 8, 4, 4]
454路	[47, 100, 94, 60, 47, 39, 44, 44, 50, 55, 68, 71, 63, 34, 28, 21, 10, 0, 10]
陆家嘴金融城3路	[0, 62, 100, 29, 12, 12, 12, 12, 4, 16, 25, 45, 45, 0, 0, 0, 0, 0, 0]
泥城5路	[86, 68, 55, 20, 27, 24, 20, 6, 13, 34, 100, 27, 13, 0, 0, 0, 0, 0, 0]
990路	[34, 100, 92, 23, 21, 10, 15, 13, 15, 26, 31, 39, 60, 39, 34, 21, 15, 0, 5]
施崂专线	[50, 100, 68, 37, 27, 24, 27, 24, 32, 36, 42, 50, 54, 45, 32, 19, 3, 0, 11]
1070路	[67, 100, 76, 50, 38, 47, 41, 47, 61, 73, 82, 52, 35, 23, 20, 5, 2, 0, 5]
992路	[63, 87, 91, 67, 46, 42, 53, 51, 61, 65, 67, 100, 83, 61, 46, 46, 30, 8, 20]
浦东29路	[90, 100, 68, 18, 50, 22, 27, 18, 31, 9, 40, 50, 31, 45, 0, 0, 0, 0, 4]
周康6路	[21, 96, 76, 25, 11, 13, 20, 16, 25, 28, 55, 100, 35, 5, 0, 0, 0, 0, 0]
新场1路	[38, 53, 100, 30, 23, 15, 15, 7, 30, 15, 53, 30, 7, 0, 0, 0, 0, 0, 0]
泥城2路	[92, 96, 76, 24, 12, 12, 12, 12, 8, 24, 100, 96, 16, 0, 0, 0, 0, 0, 0]
1098路	[0, 0, 0, 0, 0, 0, 0, 0, 0, 0, 0, 100, 0, 0, 0, 0, 0, 0, 0]
1009路	[26, 100, 27, 11, 16, 34, 14, 18, 26, 75, 24, 21, 26, 4, 0, 0, 0, 0, 0]
640路	[61, 100, 82, 51, 38, 31, 36, 38, 38, 48, 72, 76, 53, 31, 21, 8, 2, 0, 0]
浦东32路	[56, 100, 52, 27, 23, 17, 19, 23, 23, 27, 50, 66, 41, 31, 17, 7, 0, 0, 7]
1038路	[100, 93, 81, 22, 20, 17, 10, 17, 25, 28, 50, 47, 63, 22, 0, 0, 0, 0, 2]
1046路	[15, 67, 100, 43, 20, 15, 12, 17, 15, 17, 26, 56, 48, 7, 0, 0, 0, 0, 0]
北蔡1路	[50, 100, 50, 32, 32, 20, 17, 20, 32, 64, 70, 61, 73, 35, 5, 0, 0, 0, 0]
787路	[44, 80, 100, 55, 36, 29, 34, 29, 36, 40, 53, 61, 48, 36, 27, 23, 12, 2, 6]
993路	[54, 100, 73, 39, 26, 26, 23, 21, 19, 26, 36, 50, 39, 41, 41, 41, 28, 6, 10]
1095路	[40, 100, 59, 8, 5, 13, 21, 16, 13, 16, 35, 83, 13, 0, 0, 0, 0, 0, 0]
书院2路	[64, 100, 52, 23, 11, 5, 23, 17, 23, 58, 64, 29, 11, 0, 0, 0, 0, 0, 0]
浦东31路	[47, 94, 94, 36, 42, 5, 15, 21, 26, 36, 68, 100, 42, 15, 0, 0, 0, 0, 0]
花木2路	[26, 100, 93, 25, 13, 12, 8, 8, 17, 27, 37, 67, 65, 30, 19, 9, 0, 0, 0]
1073路	[30, 100, 35, 25, 10, 10, 5, 15, 10, 10, 15, 10, 5, 0, 0, 0, 0, 0, 0]
大团2路	[60, 100, 39, 52, 21, 17, 21, 8, 21, 8, 43, 34, 8, 0, 0, 0, 0, 0, 4]
1048路	[0, 5, 97, 35, 0, 5, 2, 8, 8, 13, 45, 100, 8, 0, 0, 0, 0, 0, 0]
984路	[50, 100, 74, 42, 19, 19, 21, 18, 22, 30, 37, 60, 57, 24, 15, 12, 6, 0, 4]
金桥1路	[0, 50, 100, 27, 7, 6, 9, 9, 9, 7, 18, 56, 47, 7, 3, 0, 0, 0, 0]
969路	[54, 100, 90, 50, 31, 27, 31, 31, 31, 45, 50, 59, 36, 27, 18, 13, 4, 0, 9]
大桥四线	[70, 100, 85, 46, 35, 32, 32, 31, 40, 64, 87, 84, 64, 42, 28, 20, 7, 0, 9]
1089路	[85, 100, 42, 71, 28, 42, 28, 28, 0, 85, 71, 71, 14, 0, 0, 0, 0, 0, 0]
983路	[25, 87, 100, 25, 25, 18, 25, 18, 25, 12, 37, 50, 43, 18, 12, 6, 0, 0, 0]
浦东4路	[32, 67, 100, 29, 20, 16, 16, 20, 27, 23, 52, 65, 30, 23, 20, 20, 9, 1, 0]
789路	[53, 100, 80, 53, 38, 30, 34, 34, 36, 44, 55, 73, 53, 38, 23, 23, 19, 1, 13]
1091路	[0, 100, 59, 24, 2, 2, 12, 0, 7, 9, 12, 24, 67, 38, 15, 0, 0, 0, 0]
新场2路	[84, 100, 84, 15, 15, 21, 26, 15, 26, 57, 68, 78, 10, 0, 0, 0, 0, 0, 0]
986路区间	[69, 100, 91, 51, 33, 29, 40, 30, 38, 50, 72, 82, 59, 37, 30, 24, 12, 1, 11]
977路	[51, 100, 82, 34, 25, 20, 22, 22, 20, 28, 40, 54, 62, 40, 28, 25, 14, 2, 14]
976路	[48, 100, 80, 46, 36, 32, 38, 36, 44, 64, 70, 94, 90, 52, 44, 38, 20, 0, 6]
周康5路	[37, 100, 78, 40, 31, 28, 25, 18, 31, 34, 62, 56, 31, 0, 0, 0, 0, 0, 3]
970路	[48, 96, 100, 42, 26, 25, 34, 26, 32, 46, 61, 80, 84, 53, 32, 25, 11, 0, 5]
980路	[57, 100, 98, 66, 54, 42, 54, 50, 54, 64, 66, 74, 72, 48, 38, 22, 16, 0, 8]
曹路3路	[73, 100, 69, 0, 0, 0, 0, 0, 0, 0, 69, 76, 3, 0, 0, 0, 0, 0, 0]
1092路	[100, 40, 20, 6, 0, 13, 0, 33, 46, 53, 46, 33, 0, 0, 0, 0, 0, 0, 0]
花木1路	[12, 89, 100, 57, 19, 25, 21, 25, 23, 40, 46, 51, 68, 36, 21, 8, 0, 0, 0]
779路	[50, 100, 78, 31, 27, 21, 25, 23, 27, 31, 45, 60, 47, 27, 27, 27, 19, 1, 11]
龙大专线	[56, 100, 74, 46, 31, 24, 20, 20, 27, 32, 55, 82, 55, 39, 31, 20, 10, 3, 13]
1019路	[0, 61, 100, 50, 29, 34, 25, 29, 36, 47, 45, 54, 29, 9, 0, 0, 0, 0, 0]
隧道六线	[56, 100, 65, 36, 22, 22, 29, 25, 29, 38, 43, 59, 40, 29, 20, 15, 13, 0, 11]
浦东35路	[59, 100, 83, 54, 42, 36, 39, 39, 53, 69, 75, 80, 65, 37, 22, 6, 3, 0, 1]
航头3路	[100, 54, 56, 38, 15, 15, 18, 20, 50, 79, 79, 27, 6, 0, 0, 0, 0, 0, 0]
1002路	[13, 68, 100, 72, 77, 68, 59, 54, 63, 63, 86, 77, 59, 50, 0, 0, 0, 0, 0]
1096路	[100, 84, 92, 100, 23, 7, 38, 38, 7, 30, 76, 53, 30, 23, 0, 0, 0, 0, 0]
1099路	[27, 100, 75, 19, 0, 0, 0, 5, 5, 2, 5, 16, 36, 19, 0, 0, 0, 0, 0]
1055路	[3, 100, 30, 18, 3, 18, 9, 12, 3, 9, 27, 45, 12, 0, 0, 0, 0, 0, 0]
794路	[82, 100, 100, 38, 29, 27, 27, 27, 40, 51, 63, 87, 55, 27, 23, 17, 8, 0, 12]
川芦专线	[71, 100, 61, 40, 28, 28, 30, 33, 33, 45, 69, 71, 42, 16, 0, 0, 0, 0, 21]
843路	[47, 100, 100, 56, 49, 43, 41, 52, 50, 63, 81, 94, 65, 45, 30, 21, 5, 0, 1]
浦江1路	[24, 83, 100, 27, 19, 12, 17, 14, 12, 16, 35, 50, 46, 16, 16, 6, 1, 0, 9]
老港1路	[100, 50, 36, 40, 13, 13, 4, 13, 9, 18, 45, 54, 0, 0, 0, 0, 0, 0, 0]
1056路	[17, 100, 44, 33, 15, 20, 17, 8, 5, 24, 28, 40, 36, 31, 13, 8, 0, 0, 1]
955路	[46, 74, 100, 66, 52, 44, 48, 52, 52, 66, 62, 70, 54, 44, 30, 24, 20, 16, 14]
871路	[43, 100, 92, 59, 42, 33, 36, 38, 40, 49, 57, 85, 63, 36, 26, 21, 10, 0, 7]
1041路	[100, 100, 50, 50, 50, 0, 50, 0, 100, 0, 0, 50, 0, 0, 0, 0, 0, 0, 0]
陆家嘴金融城1路	[0, 35, 100, 27, 12, 15, 12, 12, 11, 10, 18, 62, 23, 8, 3, 0, 0, 0, 0]
浦江3路	[72, 100, 57, 21, 15, 18, 12, 12, 15, 42, 51, 63, 60, 36, 18, 18, 15, 3, 27]
外高桥3路	[70, 100, 83, 35, 29, 25, 19, 6, 29, 90, 93, 67, 70, 25, 9, 3, 0, 0, 16]
1047路	[70, 100, 77, 51, 18, 37, 7, 18, 22, 59, 66, 77, 37, 3, 0, 0, 0, 0, 0]
南南线	[43, 100, 94, 43, 25, 29, 27, 25, 30, 47, 60, 81, 67, 38, 30, 12, 0, 0, 3]
惠南4路	[78, 75, 66, 36, 48, 51, 48, 39, 45, 63, 100, 48, 39, 3, 0, 0, 0, 0, 0]
新场5路	[35, 100, 50, 30, 0, 5, 15, 10, 10, 60, 55, 40, 5, 0, 0, 0, 0, 0, 0]
1033路	[27, 100, 41, 19, 16, 17, 16, 17, 29, 58, 53, 33, 27, 22, 12, 6, 1, 0, 3]
119路	[35, 100, 85, 45, 41, 35, 39, 37, 37, 47, 58, 64, 60, 41, 29, 27, 18, 0, 6]
84路	[57, 100, 78, 47, 26, 15, 15, 21, 26, 89, 89, 63, 52, 26, 15, 10, 0, 0, 0]
169路	[71, 94, 82, 51, 45, 34, 51, 48, 54, 60, 65, 100, 91, 40, 37, 5, 0, 0, 0]
784路	[56, 100, 86, 43, 21, 21, 26, 21, 30, 34, 56, 47, 34, 21, 13, 8, 4, 0, 0]
1034路	[38, 100, 58, 21, 16, 17, 20, 16, 19, 26, 48, 33, 34, 35, 15, 0, 0, 0, 0]
1042路	[0, 100, 31, 27, 13, 13, 17, 27, 24, 17, 44, 37, 37, 3, 0, 0, 0, 0, 0]
三林1路	[29, 100, 88, 29, 31, 19, 14, 9, 4, 42, 45, 40, 42, 14, 16, 4, 0, 0, 0]
隧道三线	[40, 91, 100, 42, 28, 24, 28, 35, 33, 37, 42, 57, 44, 26, 20, 17, 17, 6, 11]
1053路	[35, 100, 35, 33, 11, 35, 16, 11, 14, 54, 78, 28, 11, 0, 0, 0, 0, 0, 0]
1031路	[44, 100, 47, 29, 14, 15, 12, 11, 17, 27, 34, 45, 64, 0, 0, 0, 0, 0, 0]
闵行20路	[56, 100, 92, 50, 42, 36, 42, 38, 40, 54, 70, 90, 86, 40, 26, 2, 0, 0, 8]
799路	[45, 100, 83, 33, 28, 30, 24, 24, 28, 37, 52, 67, 73, 47, 30, 22, 18, 3, 9]
张南专线	[53, 100, 95, 55, 40, 40, 35, 35, 40, 46, 66, 88, 75, 48, 33, 22, 8, 2, 8]
1080路	[45, 100, 75, 46, 32, 26, 24, 27, 24, 42, 49, 68, 79, 61, 43, 26, 12, 1, 5]
219路	[48, 100, 78, 54, 35, 29, 32, 27, 40, 51, 59, 81, 43, 37, 32, 21, 2, 0, 5]
583路	[76, 100, 94, 55, 42, 34, 42, 44, 52, 57, 84, 78, 71, 50, 39, 44, 23, 0, 21]
915路	[100, 72, 76, 44, 36, 36, 56, 40, 56, 64, 88, 80, 60, 32, 24, 28, 8, 0, 56]
惠南8路	[40, 100, 75, 20, 22, 37, 10, 20, 15, 25, 37, 62, 40, 10, 0, 0, 0, 0, 0]
周南线	[72, 100, 88, 59, 44, 36, 43, 43, 50, 66, 79, 73, 58, 39, 25, 6, 0, 0, 13]
455路	[71, 100, 100, 53, 41, 38, 41, 41, 41, 48, 69, 84, 76, 41, 33, 35, 20, 2, 15]
两滨专线	[80, 100, 50, 26, 26, 19, 26, 19, 30, 46, 69, 42, 42, 0, 7, 0, 0, 0, 3]
1004路	[58, 100, 76, 47, 5, 17, 17, 23, 58, 58, 70, 76, 58, 0, 0, 0, 0, 0, 0]
1100路	[50, 100, 61, 33, 22, 38, 22, 22, 33, 44, 55, 88, 38, 11, 5, 0, 0, 0, 5]
1010路	[30, 100, 86, 27, 25, 8, 8, 19, 16, 30, 41, 50, 38, 13, 0, 0, 0, 0, 0]
周康10路	[0, 100, 50, 60, 40, 40, 50, 60, 60, 60, 70, 100, 90, 60, 0, 0, 0, 0, 0]
南七线	[58, 100, 67, 38, 32, 22, 29, 29, 29, 51, 51, 87, 29, 3, 0, 0, 0, 0, 6]
775路	[50, 100, 80, 40, 25, 25, 26, 25, 30, 36, 53, 59, 44, 26, 17, 13, 11, 0, 7]
隧道一线	[52, 92, 83, 50, 35, 33, 38, 38, 40, 52, 71, 100, 66, 40, 30, 23, 14, 4, 9]
1015路	[30, 100, 52, 10, 0, 0, 0, 0, 0, 6, 32, 39, 47, 0, 0, 0, 0, 0, 0]
1021路	[42, 100, 87, 37, 12, 17, 7, 20, 22, 37, 62, 97, 80, 0, 0, 0, 0, 0, 0]
772路	[62, 82, 100, 34, 28, 28, 25, 17, 25, 40, 40, 88, 77, 37, 17, 8, 0, 0, 0]
1062路	[100, 58, 33, 33, 16, 16, 16, 33, 16, 16, 91, 25, 0, 0, 0, 0, 0, 0, 0]
龙东专线	[61, 100, 87, 38, 24, 28, 29, 33, 29, 42, 61, 70, 50, 17, 1, 0, 0, 1, 10]
1007路	[44, 98, 100, 40, 18, 16, 16, 20, 28, 42, 64, 94, 100, 46, 4, 0, 0, 0, 0]
792路	[46, 100, 81, 29, 22, 20, 20, 22, 25, 38, 44, 64, 46, 24, 24, 18, 11, 0, 7]
1061路	[57, 100, 57, 42, 14, 0, 0, 0, 0, 14, 42, 42, 14, 0, 0, 0, 0, 0, 14]
451路	[72, 100, 79, 48, 34, 34, 37, 39, 34, 44, 41, 48, 53, 55, 37, 34, 32, 25, 25]
周康9路	[58, 100, 66, 35, 23, 19, 25, 17, 29, 29, 45, 74, 70, 39, 19, 7, 0, 0, 1]
174路	[50, 100, 65, 34, 20, 25, 20, 27, 31, 25, 54, 65, 50, 29, 25, 22, 0, 0, 2]
1050路	[40, 100, 94, 39, 21, 22, 22, 21, 26, 38, 44, 73, 69, 0, 0, 0, 0, 0, 0]
申港3路	[52, 100, 68, 47, 26, 36, 42, 31, 26, 36, 78, 42, 36, 15, 5, 0, 0, 0, 0]
163路	[28, 100, 88, 32, 20, 16, 14, 10, 18, 28, 36, 44, 54, 24, 18, 14, 6, 0, 2]
浦江4路	[70, 90, 70, 20, 10, 10, 0, 10, 20, 40, 50, 100, 40, 20, 10, 0, 0, 0, 0]
惠南1路	[80, 100, 86, 46, 28, 33, 33, 35, 57, 100, 93, 60, 48, 22, 0, 0, 0, 0, 2]
浦东18路	[72, 72, 81, 27, 45, 36, 36, 18, 54, 54, 100, 72, 9, 27, 0, 0, 0, 0, 27]
791路	[44, 96, 100, 52, 32, 34, 26, 32, 42, 54, 64, 74, 62, 32, 28, 20, 12, 0, 8]
惠南6路	[44, 100, 53, 38, 21, 10, 25, 20, 26, 37, 48, 48, 46, 29, 0, 0, 0, 0, 0]
1066路	[58, 100, 77, 42, 26, 23, 21, 23, 26, 35, 42, 64, 78, 81, 31, 23, 11, 0, 3]
1058路	[0, 80, 100, 39, 0, 0, 0, 0, 0, 0, 15, 66, 78, 19, 0, 0, 0, 0, 0]
1017路	[20, 100, 55, 17, 8, 8, 2, 32, 20, 35, 17, 52, 32, 0, 0, 0, 0, 0, 0]
隧道夜宵线	[0, 0, 0, 0, 0, 0, 0, 0, 0, 0, 0, 0, 0, 95, 76, 51, 53, 100, 2]
1030路	[0, 9, 100, 36, 9, 0, 27, 36, 27, 9, 54, 90, 54, 0, 0, 0, 0, 0, 0]
1012路	[25, 100, 89, 57, 37, 17, 18, 18, 16, 26, 35, 41, 30, 5, 0, 0, 0, 0, 0]
1085路	[0, 29, 100, 8, 0, 0, 0, 0, 0, 0, 5, 44, 5, 0, 0, 0, 0, 0, 0]
龙惠专线	[45, 95, 91, 52, 39, 35, 39, 35, 35, 47, 75, 100, 77, 47, 22, 4, 0, 0, 2]
浦东8路	[100, 68, 25, 22, 10, 0, 19, 31, 35, 11, 23, 20, 7, 0, 0, 0, 0, 0, 8]
芦杜专线	[56, 100, 66, 41, 35, 33, 35, 41, 41, 48, 74, 71, 46, 12, 2, 0, 0, 0, 5]
177路	[47, 100, 81, 41, 26, 22, 26, 24, 26, 37, 43, 52, 56, 39, 32, 32, 16, 0, 11]
1101路	[15, 100, 57, 18, 24, 12, 30, 45, 15, 30, 36, 42, 12, 0, 0, 0, 0, 0, 0]
浦东7路	[75, 100, 50, 50, 40, 30, 40, 25, 35, 45, 95, 55, 15, 0, 0, 0, 0, 0, 10]
浦东21路	[7, 100, 100, 28, 14, 0, 0, 0, 0, 0, 14, 71, 42, 0, 0, 0, 0, 0, 0]
1071路	[84, 100, 73, 52, 42, 52, 36, 44, 44, 89, 92, 65, 42, 18, 0, 0, 0, 0, 0]
1026路	[3, 73, 100, 10, 0, 0, 0, 0, 0, 0, 31, 71, 60, 6, 0, 0, 0, 0, 0]
1086路	[96, 96, 88, 19, 19, 23, 38, 19, 15, 50, 84, 100, 3, 0, 0, 0, 0, 0, 0]
周康1路	[58, 100, 88, 47, 20, 26, 35, 26, 23, 26, 70, 88, 82, 23, 0, 0, 0, 0, 0]
浦东22路	[40, 100, 77, 50, 25, 22, 29, 20, 22, 37, 46, 94, 74, 37, 16, 11, 3, 0, 0]
南园1路	[73, 100, 87, 26, 14, 19, 7, 21, 12, 26, 60, 78, 43, 12, 0, 0, 0, 0, 14]
610路	[68, 100, 82, 46, 31, 26, 30, 31, 36, 47, 58, 57, 49, 25, 19, 15, 7, 1, 12]
1075路	[86, 100, 44, 19, 11, 14, 16, 11, 18, 9, 32, 57, 37, 39, 18, 14, 6, 1, 26]
1078路	[15, 35, 56, 100, 71, 64, 41, 38, 82, 100, 51, 20, 12, 5, 0, 0, 0, 0, 0]
1029路	[10, 73, 100, 10, 10, 10, 21, 21, 26, 94, 63, 84, 21, 0, 0, 0, 0, 0, 0]
新川专线	[60, 100, 98, 58, 45, 39, 39, 32, 33, 50, 52, 60, 54, 37, 30, 26, 15, 5, 16]
1076路	[100, 66, 30, 15, 5, 23, 7, 10, 15, 12, 82, 56, 28, 7, 10, 0, 0, 0, 5]
130路	[59, 100, 83, 51, 45, 40, 35, 40, 67, 75, 100, 100, 67, 40, 43, 32, 10, 0, 8]
572路	[54, 98, 100, 68, 51, 44, 43, 37, 50, 54, 60, 71, 55, 40, 34, 25, 18, 1, 13]
川沙4路	[0, 100, 73, 66, 13, 26, 40, 40, 20, 33, 60, 86, 53, 33, 26, 0, 0, 0, 0]
795路	[50, 100, 95, 45, 28, 23, 30, 30, 32, 45, 60, 73, 63, 34, 30, 23, 13, 0, 2]
1013路	[8, 40, 100, 28, 12, 8, 0, 0, 0, 0, 32, 56, 28, 0, 0, 0, 0, 0, 0]
浦东10路	[0, 100, 70, 0, 0, 0, 0, 0, 0, 0, 30, 70, 0, 0, 0, 0, 0, 0, 0]
祝桥3路	[100, 56, 50, 0, 0, 0, 0, 12, 18, 31, 18, 18, 6, 0, 0, 0, 0, 0, 0]
1022路	[80, 100, 40, 0, 0, 20, 0, 0, 40, 60, 60, 0, 20, 0, 0, 0, 0, 0, 0]
988路	[54, 100, 81, 50, 30, 24, 28, 28, 35, 47, 64, 86, 75, 35, 20, 16, 0, 0, 7]
1082路	[100, 94, 82, 23, 17, 23, 29, 17, 23, 17, 47, 41, 17, 0, 0, 0, 0, 0, 0]
浦东25路	[13, 100, 90, 36, 13, 6, 9, 6, 4, 20, 36, 75, 65, 9, 0, 0, 0, 0, 0]
604路	[48, 100, 94, 60, 50, 44, 56, 44, 50, 68, 86, 82, 64, 42, 36, 20, 0, 0, 0]
1068路	[50, 100, 60, 25, 26, 22, 20, 16, 16, 25, 31, 41, 68, 58, 35, 25, 10, 0, 9]
1063路	[25, 100, 35, 20, 5, 25, 20, 35, 15, 30, 75, 20, 5, 0, 0, 0, 0, 0, 0]
隧道九线	[63, 100, 100, 54, 48, 45, 48, 51, 45, 66, 72, 51, 60, 33, 27, 21, 15, 3, 9]
惠南2路	[77, 100, 85, 85, 62, 48, 40, 66, 85, 74, 74, 77, 25, 7, 0, 0, 0, 0, 0]
1025路	[41, 100, 97, 72, 58, 33, 47, 38, 52, 77, 83, 72, 47, 25, 0, 0, 0, 0, 0]
611路	[84, 100, 82, 43, 25, 28, 30, 33, 30, 46, 76, 82, 51, 35, 20, 5, 0, 0, 15]
1081路	[2, 88, 100, 62, 53, 26, 33, 40, 55, 71, 82, 37, 6, 0, 0, 0, 0, 0, 0]
书院3路	[94, 100, 31, 26, 5, 10, 10, 10, 21, 36, 89, 42, 0, 0, 0, 0, 0, 0, 0]
774路	[54, 100, 93, 50, 36, 34, 36, 36, 43, 50, 56, 82, 65, 43, 36, 30, 21, 2, 6]
