985路	[34, 84, 100, 47, 34, 32, 39, 41, 47, 52, 58, 80, 63, 34, 30, 26, 21, 0, 6]
314路	[0, 0, 0, 0, 0, 0, 0, 0, 0, 0, 0, 0, 0, 100, 73, 16, 23, 100, 16]
1039路	[25, 100, 65, 14, 3, 7, 9, 9, 5, 11, 30, 35, 68, 31, 10, 0, 0, 0, 0]
龙新芦专线	[47, 100, 59, 30, 21, 21, 19, 26, 23, 38, 69, 78, 50, 23, 2, 0, 0, 0, 16]
鹤莘线	[78, 100, 85, 53, 43, 31, 43, 43, 46, 63, 73, 92, 63, 24, 4, 0, 0, 0, 0]
宣桥1路	[80, 100, 50, 25, 20, 10, 30, 15, 25, 35, 60, 55, 10, 0, 0, 0, 0, 0, 0]
780路	[71, 97, 100, 47, 42, 36, 44, 39, 44, 55, 65, 76, 60, 31, 28, 21, 13, 2, 23]
85路	[46, 100, 85, 42, 21, 21, 17, 20, 24, 33, 46, 78, 72, 34, 24, 23, 20, 4, 15]
1036路	[100, 84, 31, 31, 26, 15, 5, 10, 15, 31, 68, 21, 0, 0, 0, 0, 0, 0, 10]
1093路	[70, 100, 60, 70, 40, 10, 0, 30, 20, 60, 70, 70, 0, 0, 0, 0, 0, 0, 0]
786路	[37, 100, 81, 48, 27, 18, 24, 24, 33, 44, 59, 72, 61, 33, 24, 20, 11, 0, 5]
995路	[38, 90, 100, 42, 23, 19, 20, 20, 19, 26, 49, 74, 60, 34, 22, 14, 7, 0, 1]
636路	[34, 100, 76, 34, 19, 21, 21, 20, 17, 23, 38, 56, 79, 65, 45, 28, 13, 0, 2]
外高桥1路	[21, 95, 73, 100, 52, 56, 65, 39, 73, 47, 21, 39, 0, 0, 0, 0, 0, 0, 0]
浦东1路	[0, 87, 100, 50, 18, 20, 20, 14, 25, 23, 34, 96, 61, 21, 10, 0, 0, 0, 0]
863路	[39, 89, 89, 65, 52, 42, 57, 50, 52, 76, 78, 100, 89, 60, 42, 21, 7, 0, 2]
313路	[0, 0, 0, 0, 0, 0, 0, 0, 0, 0, 0, 0, 0, 0, 0, 0, 100, 32, 0]
申崇六线	[100, 100, 80, 100, 80, 60, 60, 100, 100, 100, 100, 100, 60, 40, 20, 0, 0, 0, 40]
785路	[57, 100, 100, 63, 42, 32, 38, 40, 46, 57, 77, 87, 73, 42, 32, 24, 10, 2, 10]
1072路	[100, 100, 48, 14, 11, 14, 14, 11, 51, 25, 77, 37, 14, 18, 7, 7, 3, 0, 0]
川沙2路	[100, 90, 85, 15, 15, 20, 20, 25, 30, 45, 70, 65, 30, 0, 0, 0, 0, 0, 5]
大桥五线	[51, 97, 94, 24, 16, 18, 21, 27, 21, 37, 59, 100, 83, 32, 27, 18, 13, 0, 2]
182路	[60, 100, 71, 26, 17, 15, 15, 15, 20, 35, 62, 73, 46, 26, 17, 2, 0, 0, 8]
外高桥4路	[31, 94, 100, 60, 37, 17, 25, 23, 27, 54, 68, 56, 45, 5, 0, 0, 0, 0, 0]
蔡陆专线	[55, 100, 83, 45, 31, 31, 32, 32, 34, 49, 57, 73, 60, 44, 24, 16, 3, 0, 19]
81路	[66, 100, 74, 37, 27, 29, 23, 27, 29, 41, 47, 60, 49, 37, 29, 29, 21, 9, 31]
1049路	[1, 17, 100, 14, 9, 8, 8, 9, 12, 14, 27, 51, 11, 3, 0, 0, 0, 0, 0]
638路	[64, 83, 100, 51, 29, 29, 29, 24, 37, 51, 78, 86, 67, 40, 35, 21, 5, 0, 10]
新场3路	[16, 33, 83, 0, 0, 66, 16, 33, 33, 33, 100, 16, 0, 0, 0, 0, 0, 0, 0]
泥城4路	[81, 36, 18, 0, 0, 0, 9, 9, 27, 72, 100, 36, 18, 0, 0, 0, 0, 0, 9]
浦东7路	[100, 88, 72, 44, 44, 44, 50, 55, 66, 55, 100, 50, 16, 0, 0, 0, 0, 0, 11]
浦东2路	[1, 100, 64, 15, 5, 7, 7, 7, 7, 5, 13, 52, 41, 35, 18, 7, 0, 0, 0]
1079路	[87, 100, 100, 50, 12, 12, 37, 50, 37, 62, 50, 37, 12, 0, 0, 0, 0, 0, 0]
周康4路	[57, 100, 86, 28, 13, 23, 5, 13, 13, 48, 75, 73, 38, 5, 0, 0, 0, 0, 0]
971路	[58, 100, 79, 41, 22, 20, 27, 22, 29, 43, 56, 62, 60, 46, 32, 27, 3, 0, 3]
1090路	[1, 54, 100, 24, 9, 9, 9, 10, 8, 10, 18, 45, 22, 5, 0, 0, 0, 0, 0]
惠南11路	[77, 100, 78, 50, 28, 40, 61, 53, 24, 12, 73, 51, 56, 7, 0, 0, 0, 0, 0]
浦东20路	[27, 100, 88, 27, 15, 16, 23, 17, 14, 21, 34, 64, 77, 43, 7, 0, 0, 0, 1]
芦潮港1路	[16, 100, 41, 16, 8, 0, 8, 8, 8, 16, 25, 0, 25, 0, 0, 0, 0, 0, 0]
981路	[60, 100, 89, 50, 32, 37, 39, 37, 39, 46, 48, 68, 54, 32, 29, 25, 17, 1, 10]
83路	[34, 100, 100, 42, 26, 22, 21, 31, 30, 37, 61, 57, 61, 33, 19, 3, 0, 0, 0]
1008路	[19, 84, 100, 37, 20, 15, 18, 18, 19, 53, 40, 70, 81, 32, 2, 0, 0, 0, 0]
338路	[0, 0, 0, 0, 0, 0, 0, 0, 0, 0, 0, 0, 0, 87, 50, 100, 43, 50, 0]
1018路	[40, 100, 89, 41, 32, 22, 24, 21, 21, 30, 48, 61, 40, 34, 16, 5, 0, 0, 0]
浦江4路	[66, 88, 100, 22, 11, 0, 11, 11, 22, 33, 66, 77, 33, 11, 11, 0, 0, 0, 0]
六灶2路	[53, 100, 80, 40, 20, 20, 26, 40, 13, 53, 66, 33, 0, 0, 0, 0, 0, 0, 0]
164路	[51, 100, 80, 29, 9, 16, 16, 22, 12, 45, 61, 64, 58, 25, 16, 12, 0, 0, 9]
浦东9路	[95, 100, 54, 45, 41, 41, 33, 33, 41, 58, 95, 83, 50, 16, 0, 0, 0, 0, 12]
1003路	[33, 100, 94, 41, 21, 16, 19, 19, 23, 30, 31, 51, 49, 27, 2, 0, 0, 0, 1]
795路	[44, 100, 87, 42, 22, 26, 26, 28, 30, 42, 55, 65, 61, 34, 24, 26, 10, 0, 0]
1032路	[15, 61, 100, 24, 8, 4, 5, 5, 8, 9, 34, 53, 33, 10, 0, 0, 0, 0, 1]
1040路	[36, 63, 36, 18, 18, 18, 0, 36, 9, 18, 100, 36, 9, 0, 0, 0, 0, 0, 0]
1054路	[42, 100, 76, 14, 14, 9, 9, 4, 4, 14, 28, 33, 19, 19, 9, 4, 4, 0, 4]
沪南线	[75, 100, 81, 52, 39, 31, 36, 36, 39, 53, 63, 77, 65, 42, 30, 23, 14, 1, 21]
815路	[53, 85, 100, 42, 30, 23, 26, 28, 30, 42, 65, 84, 58, 25, 17, 7, 0, 0, 0]
790路	[37, 96, 100, 50, 37, 35, 35, 37, 41, 52, 70, 82, 84, 56, 35, 21, 11, 1, 7]
161路	[28, 100, 91, 40, 37, 28, 35, 40, 26, 40, 60, 84, 73, 37, 31, 4, 0, 0, 0]
796路	[31, 100, 82, 32, 24, 21, 20, 25, 21, 40, 51, 68, 72, 32, 7, 0, 0, 0, 4]
浦江7路	[76, 100, 52, 23, 17, 17, 35, 23, 29, 11, 17, 23, 11, 0, 0, 0, 0, 0, 5]
798路	[41, 100, 100, 38, 23, 19, 19, 22, 23, 31, 47, 77, 74, 41, 39, 30, 26, 6, 9]
781路	[44, 100, 100, 46, 34, 25, 36, 31, 38, 44, 61, 74, 55, 34, 23, 17, 12, 0, 10]
川白线	[54, 100, 67, 39, 33, 26, 30, 24, 36, 46, 67, 72, 36, 31, 15, 8, 0, 0, 8]
川奉专线	[66, 100, 77, 40, 32, 30, 28, 30, 35, 47, 64, 74, 52, 25, 5, 0, 0, 0, 6]
639路	[61, 94, 88, 52, 27, 27, 30, 30, 30, 47, 66, 100, 88, 36, 30, 25, 16, 0, 13]
1035路	[83, 50, 100, 16, 33, 0, 16, 50, 83, 100, 50, 66, 0, 0, 0, 0, 0, 0, 0]
浦江11路	[55, 100, 78, 32, 18, 21, 20, 17, 17, 23, 33, 53, 88, 75, 52, 36, 23, 13, 0]
大桥六线	[50, 100, 90, 55, 30, 30, 32, 35, 35, 37, 60, 80, 62, 40, 22, 22, 2, 0, 2]
167路	[31, 74, 100, 68, 68, 57, 62, 68, 68, 71, 74, 82, 71, 42, 28, 31, 17, 2, 5]
周康2路	[65, 100, 79, 27, 36, 20, 25, 17, 25, 68, 63, 70, 27, 1, 0, 0, 0, 0, 5]
惠南5路	[92, 100, 85, 55, 40, 33, 44, 33, 59, 81, 77, 66, 33, 7, 0, 0, 0, 0, 0]
闵行20路	[53, 94, 94, 46, 32, 34, 38, 36, 44, 46, 69, 100, 75, 42, 26, 1, 0, 0, 3]
浦东28路	[0, 100, 75, 0, 0, 0, 0, 0, 0, 0, 0, 0, 0, 0, 0, 0, 0, 0, 0]
1097路	[22, 100, 81, 30, 1, 2, 6, 2, 0, 3, 11, 26, 67, 8, 0, 0, 0, 0, 0]
782路	[65, 100, 88, 68, 31, 40, 43, 40, 43, 61, 70, 79, 65, 38, 36, 36, 18, 2, 13]
北蔡2路	[10, 60, 55, 35, 30, 20, 35, 30, 40, 55, 50, 100, 85, 15, 0, 0, 0, 0, 0]
991路	[48, 100, 92, 48, 30, 33, 43, 28, 35, 41, 58, 74, 76, 46, 35, 23, 5, 2, 12]
龙临专线	[79, 100, 70, 41, 35, 35, 41, 32, 41, 52, 82, 70, 38, 14, 5, 0, 0, 0, 23]
浦东33路	[0, 11, 0, 55, 44, 33, 77, 55, 66, 66, 100, 33, 0, 0, 0, 0, 0, 0, 0]
1043路	[18, 76, 100, 76, 76, 63, 68, 68, 84, 89, 86, 68, 65, 52, 39, 15, 15, 2, 5]
1059路	[100, 38, 16, 0, 5, 16, 22, 5, 16, 38, 100, 22, 16, 0, 0, 0, 0, 0, 0]
浦东30路	[41, 100, 58, 70, 17, 29, 29, 11, 17, 35, 52, 82, 41, 23, 0, 0, 0, 0, 0]
1057路	[18, 80, 100, 36, 13, 23, 18, 18, 22, 48, 59, 66, 47, 12, 1, 5, 0, 0, 0]
南川线	[50, 100, 85, 50, 32, 25, 22, 22, 30, 40, 57, 72, 55, 27, 22, 7, 0, 0, 7]
1088路	[31, 100, 84, 15, 21, 10, 21, 5, 15, 15, 36, 94, 21, 0, 0, 0, 0, 0, 0]
1102路	[50, 25, 0, 25, 0, 0, 0, 25, 0, 0, 25, 100, 0, 0, 0, 0, 0, 0, 0]
1011路	[7, 90, 100, 48, 19, 19, 21, 28, 23, 26, 59, 75, 40, 7, 0, 0, 0, 0, 0]
82路	[25, 68, 100, 45, 27, 22, 20, 27, 20, 22, 35, 54, 43, 25, 22, 25, 16, 2, 8]
申港1路	[50, 58, 100, 54, 79, 41, 54, 58, 70, 70, 83, 58, 25, 0, 0, 0, 0, 0, 0]
183路	[66, 100, 58, 28, 30, 26, 25, 25, 33, 42, 42, 64, 67, 51, 10, 0, 0, 0, 17]
洋山专线区间	[0, 0, 100, 100, 0, 0, 50, 0, 100, 100, 0, 0, 0, 0, 0, 0, 0, 0, 0]
1020路	[0, 100, 62, 50, 25, 0, 0, 0, 75, 87, 37, 100, 0, 0, 0, 0, 0, 0, 0]
周康1路	[67, 82, 92, 53, 39, 25, 32, 28, 42, 39, 82, 100, 89, 25, 0, 0, 0, 0, 0]
南新专线	[57, 100, 80, 44, 34, 32, 34, 36, 36, 51, 65, 71, 50, 36, 25, 17, 9, 5, 19]
581路	[46, 100, 96, 51, 42, 33, 31, 31, 29, 31, 35, 50, 64, 42, 20, 33, 20, 3, 9]
1005路	[54, 100, 56, 24, 16, 11, 13, 11, 15, 33, 52, 67, 32, 9, 0, 0, 0, 0, 11]
573路	[35, 91, 100, 45, 27, 27, 27, 32, 32, 37, 51, 72, 51, 24, 16, 13, 5, 0, 2]
1023路	[16, 100, 50, 16, 0, 0, 0, 0, 0, 33, 91, 50, 33, 0, 0, 0, 0, 0, 0]
浦东19路	[100, 43, 12, 37, 12, 6, 0, 0, 0, 12, 50, 25, 18, 18, 0, 0, 0, 0, 12]
1067路	[44, 100, 50, 26, 17, 22, 21, 20, 17, 26, 37, 42, 57, 52, 24, 21, 5, 0, 2]
1052路	[0, 95, 90, 66, 76, 42, 47, 42, 61, 100, 85, 80, 57, 0, 0, 0, 0, 0, 0]
1094路	[50, 75, 50, 0, 25, 0, 25, 25, 25, 50, 100, 0, 25, 0, 0, 0, 0, 0, 0]
川沙3路	[30, 100, 96, 40, 26, 20, 26, 13, 30, 30, 46, 70, 20, 23, 23, 6, 0, 0, 3]
175路	[83, 100, 93, 80, 76, 60, 86, 70, 70, 66, 76, 86, 63, 33, 23, 23, 3, 0, 13]
1111路	[55, 100, 90, 47, 35, 45, 45, 42, 52, 72, 95, 75, 55, 57, 40, 30, 7, 0, 0]
张江环线	[7, 74, 100, 33, 15, 9, 13, 11, 13, 9, 17, 47, 52, 21, 11, 11, 3, 0, 0]
1006路	[5, 76, 47, 41, 29, 35, 23, 29, 29, 35, 17, 47, 100, 11, 0, 0, 0, 0, 0]
1045路	[7, 38, 100, 35, 0, 0, 2, 0, 0, 0, 16, 45, 23, 2, 0, 2, 0, 0, 0]
777路	[2, 57, 100, 26, 13, 15, 0, 13, 21, 13, 15, 60, 42, 10, 10, 0, 0, 0, 0]
987路	[16, 100, 83, 43, 27, 25, 27, 25, 27, 30, 50, 74, 52, 30, 21, 20, 18, 3, 0]
188路	[46, 100, 85, 38, 26, 22, 24, 24, 24, 24, 38, 67, 65, 53, 40, 36, 16, 2, 10]
1001路	[21, 61, 73, 54, 42, 73, 52, 57, 52, 59, 78, 100, 78, 57, 2, 0, 0, 0, 0]
1051路	[13, 40, 100, 81, 18, 9, 4, 13, 9, 0, 13, 90, 27, 0, 0, 0, 0, 0, 0]
惠南3路	[69, 100, 82, 67, 44, 40, 48, 57, 63, 53, 82, 65, 55, 17, 0, 0, 0, 0, 0]
龙港快线	[69, 100, 65, 34, 34, 26, 34, 30, 30, 47, 86, 91, 65, 39, 13, 0, 0, 0, 30]
1037路	[94, 100, 38, 27, 22, 27, 33, 11, 50, 50, 83, 77, 0, 0, 0, 0, 0, 0, 0]
张江1路	[17, 100, 69, 22, 11, 7, 11, 9, 7, 13, 17, 37, 69, 32, 18, 11, 1, 0, 0]
453路	[48, 100, 72, 46, 18, 25, 23, 20, 32, 39, 65, 86, 62, 27, 30, 20, 9, 0, 6]
浦江5路	[14, 100, 57, 14, 7, 0, 7, 21, 21, 28, 7, 35, 14, 7, 14, 7, 0, 0, 7]
1060路	[100, 96, 59, 31, 37, 31, 31, 21, 34, 46, 87, 90, 46, 31, 21, 6, 0, 0, 40]
陆家嘴金融城2路	[0, 5, 100, 15, 0, 5, 5, 5, 0, 5, 5, 25, 15, 5, 0, 0, 0, 0, 0]
合庆1路	[72, 100, 60, 28, 12, 12, 4, 0, 12, 32, 72, 72, 20, 0, 0, 0, 0, 0, 0]
181路	[37, 100, 100, 37, 25, 25, 31, 31, 31, 39, 64, 97, 72, 43, 37, 10, 0, 0, 6]
浦东21路	[15, 100, 84, 61, 0, 0, 0, 0, 0, 0, 15, 84, 69, 15, 0, 0, 0, 0, 0]
曹路2路	[63, 100, 71, 28, 21, 23, 26, 23, 22, 42, 59, 75, 63, 34, 27, 15, 7, 1, 0]
778路	[66, 80, 100, 42, 19, 26, 23, 21, 23, 38, 73, 83, 61, 28, 33, 4, 0, 0, 16]
浦东6路	[57, 84, 100, 26, 10, 21, 10, 15, 5, 21, 57, 63, 47, 26, 0, 10, 0, 0, 0]
祝桥1路	[66, 100, 33, 16, 0, 0, 8, 0, 8, 8, 83, 50, 16, 0, 0, 0, 0, 0, 0]
周康8路	[0, 25, 100, 0, 0, 0, 0, 0, 0, 0, 62, 18, 0, 0, 0, 0, 0, 0, 0]
783路	[55, 100, 97, 44, 44, 36, 47, 52, 55, 58, 69, 80, 61, 55, 30, 33, 22, 8, 19]
祝桥2路	[91, 100, 78, 30, 34, 21, 17, 21, 34, 69, 82, 86, 26, 0, 0, 0, 0, 0, 0]
惠南10路	[100, 80, 66, 50, 23, 23, 30, 40, 40, 66, 60, 33, 0, 0, 0, 0, 0, 0, 0]
洋山专线	[0, 0, 0, 100, 0, 0, 100, 33, 33, 33, 0, 0, 0, 0, 0, 0, 0, 0, 0]
1028路	[0, 100, 81, 8, 2, 6, 0, 4, 14, 2, 25, 91, 6, 12, 0, 0, 0, 0, 0]
1087路	[46, 53, 92, 28, 17, 7, 25, 7, 3, 32, 42, 100, 14, 0, 0, 0, 0, 0, 0]
新场1路	[58, 25, 100, 16, 25, 16, 25, 8, 8, 33, 75, 41, 0, 0, 0, 0, 0, 0, 0]
614路	[28, 100, 71, 28, 17, 15, 13, 15, 11, 19, 26, 44, 53, 26, 19, 23, 5, 0, 3]
浦东24路	[72, 100, 62, 27, 20, 22, 22, 22, 30, 35, 62, 80, 52, 20, 0, 0, 0, 0, 15]
1065路	[87, 100, 62, 62, 12, 0, 25, 25, 25, 75, 25, 37, 25, 0, 0, 0, 0, 0, 0]
978路	[100, 78, 60, 36, 21, 24, 27, 24, 27, 54, 75, 69, 51, 30, 33, 18, 0, 0, 33]
1027路	[19, 100, 53, 19, 19, 19, 19, 26, 19, 38, 38, 23, 23, 15, 3, 0, 0, 0, 0]
961路	[46, 100, 93, 42, 27, 27, 25, 31, 38, 44, 65, 85, 74, 51, 40, 25, 4, 0, 0]
川沙5路	[100, 90, 55, 13, 6, 13, 9, 6, 0, 18, 34, 67, 51, 0, 0, 0, 0, 0, 0]
泥城1路	[88, 32, 28, 4, 0, 12, 12, 12, 20, 20, 100, 28, 8, 0, 0, 0, 0, 0, 0]
1074路	[44, 100, 66, 44, 11, 0, 0, 11, 11, 0, 33, 44, 11, 0, 0, 0, 0, 0, 0]
曹路1路	[67, 100, 76, 33, 29, 9, 24, 16, 23, 41, 88, 81, 24, 5, 0, 0, 0, 0, 9]
浦东12路	[20, 100, 52, 23, 9, 11, 10, 10, 10, 10, 21, 32, 51, 40, 16, 10, 7, 1, 3]
989路	[58, 100, 73, 41, 26, 24, 26, 24, 21, 29, 51, 75, 65, 51, 36, 19, 7, 0, 12]
浦江2路	[28, 100, 57, 28, 28, 14, 28, 28, 0, 71, 100, 57, 71, 42, 0, 0, 0, 0, 0]
1024路	[0, 100, 66, 0, 0, 0, 0, 0, 0, 0, 0, 0, 0, 0, 0, 0, 0, 0, 0]
1083路	[28, 100, 95, 38, 14, 14, 9, 9, 4, 23, 28, 57, 28, 23, 9, 0, 0, 0, 0]
浦东27路	[28, 100, 64, 15, 11, 11, 12, 17, 14, 21, 41, 71, 42, 23, 2, 0, 2, 0, 1]
1069路	[92, 100, 73, 31, 36, 17, 21, 31, 36, 55, 62, 55, 42, 36, 30, 20, 10, 0, 8]
1077路	[73, 86, 46, 46, 53, 56, 83, 53, 73, 70, 100, 76, 73, 73, 70, 26, 6, 3, 6]
454路	[44, 97, 100, 55, 50, 33, 36, 36, 50, 55, 72, 83, 66, 38, 33, 19, 8, 0, 13]
陆家嘴金融城3路	[0, 37, 100, 27, 3, 3, 6, 6, 3, 6, 20, 41, 34, 6, 0, 0, 0, 0, 0]
泥城5路	[86, 76, 53, 33, 13, 6, 16, 20, 10, 50, 100, 43, 13, 0, 0, 0, 0, 0, 0]
990路	[32, 100, 82, 22, 12, 15, 12, 10, 15, 20, 27, 42, 67, 37, 25, 20, 17, 0, 5]
施崂专线	[45, 100, 72, 34, 26, 26, 22, 22, 32, 36, 42, 60, 47, 42, 32, 27, 8, 0, 11]
1070路	[63, 90, 96, 56, 50, 36, 33, 33, 50, 60, 100, 73, 30, 23, 23, 3, 3, 0, 10]
992路	[58, 97, 91, 70, 50, 52, 56, 50, 52, 56, 72, 100, 100, 66, 50, 52, 33, 10, 20]
浦东29路	[100, 87, 50, 25, 16, 29, 12, 20, 29, 12, 37, 29, 45, 0, 0, 0, 0, 0, 0]
隧道夜宵线	[0, 0, 0, 0, 0, 0, 0, 0, 0, 0, 0, 0, 0, 100, 43, 53, 39, 72, 2]
泥城2路	[92, 100, 75, 21, 10, 7, 21, 14, 28, 17, 78, 85, 10, 0, 0, 0, 0, 0, 0]
1098路	[0, 0, 37, 100, 37, 0, 0, 0, 12, 12, 25, 0, 0, 0, 0, 0, 0, 0, 0]
1009路	[24, 100, 35, 24, 15, 33, 10, 22, 38, 84, 56, 29, 36, 7, 0, 0, 0, 0, 0]
640路	[55, 100, 85, 53, 36, 38, 36, 34, 34, 42, 57, 81, 48, 36, 20, 10, 0, 0, 0]
浦东32路	[52, 100, 62, 29, 19, 17, 21, 15, 15, 25, 50, 70, 43, 29, 15, 5, 0, 0, 5]
1038路	[100, 81, 75, 22, 25, 17, 17, 21, 33, 31, 47, 60, 55, 24, 0, 0, 0, 0, 4]
1046路	[15, 89, 100, 84, 20, 12, 17, 25, 23, 33, 53, 89, 89, 5, 0, 0, 0, 0, 0]
北蔡1路	[56, 100, 75, 28, 25, 18, 15, 25, 31, 40, 65, 96, 71, 53, 3, 0, 0, 0, 0]
787路	[41, 80, 100, 58, 32, 32, 30, 30, 34, 41, 50, 58, 52, 36, 28, 21, 10, 2, 6]
993路	[53, 100, 77, 37, 26, 24, 20, 22, 20, 26, 37, 53, 48, 44, 48, 42, 28, 4, 11]
1095路	[28, 100, 52, 4, 11, 7, 7, 9, 14, 4, 38, 64, 21, 0, 0, 0, 0, 0, 0]
书院2路	[66, 100, 66, 33, 33, 0, 16, 8, 25, 16, 58, 16, 0, 0, 0, 0, 0, 0, 0]
浦东31路	[36, 95, 63, 36, 27, 9, 4, 27, 22, 27, 54, 100, 40, 22, 0, 0, 0, 0, 0]
花木2路	[28, 95, 100, 34, 12, 13, 20, 15, 15, 23, 48, 70, 64, 47, 20, 8, 0, 0, 0]
1073路	[100, 100, 38, 15, 0, 23, 7, 30, 23, 23, 38, 23, 30, 7, 0, 0, 0, 0, 0]
周康3路	[73, 80, 75, 23, 5, 11, 13, 15, 21, 32, 65, 100, 42, 1, 0, 0, 0, 0, 11]
1048路	[0, 21, 87, 27, 6, 0, 3, 6, 6, 6, 48, 100, 12, 0, 0, 0, 0, 0, 0]
984路	[46, 100, 60, 30, 15, 19, 19, 15, 16, 23, 38, 57, 53, 25, 15, 11, 5, 0, 5]
金桥1路	[1, 56, 100, 41, 3, 3, 7, 9, 3, 5, 21, 70, 49, 9, 1, 0, 0, 0, 0]
969路	[57, 100, 95, 52, 33, 33, 28, 33, 38, 38, 57, 57, 42, 19, 14, 19, 4, 0, 9]
大桥四线	[78, 100, 79, 53, 29, 31, 29, 28, 31, 53, 85, 93, 57, 35, 31, 23, 10, 0, 10]
1089路	[77, 100, 77, 11, 33, 22, 11, 11, 11, 33, 55, 66, 33, 0, 0, 0, 0, 0, 0]
983路	[33, 93, 100, 40, 20, 13, 20, 20, 20, 20, 40, 53, 40, 13, 6, 6, 0, 0, 0]
浦东4路	[38, 75, 100, 40, 16, 12, 14, 14, 18, 30, 48, 81, 38, 24, 22, 16, 6, 0, 8]
789路	[50, 100, 94, 53, 36, 32, 34, 34, 36, 46, 63, 73, 61, 36, 30, 25, 21, 1, 13]
986路区间	[68, 100, 96, 52, 40, 32, 34, 32, 37, 44, 70, 85, 68, 34, 32, 26, 14, 1, 11]
新场2路	[66, 100, 46, 26, 0, 0, 0, 20, 33, 13, 46, 40, 13, 0, 0, 0, 0, 0, 0]
1091路	[0, 100, 54, 32, 9, 10, 17, 8, 9, 20, 14, 26, 38, 14, 0, 0, 0, 0, 0]
977路	[57, 100, 85, 31, 22, 22, 25, 22, 22, 31, 42, 65, 62, 42, 25, 22, 14, 5, 14]
976路	[52, 100, 100, 45, 30, 30, 32, 35, 37, 47, 64, 94, 83, 50, 43, 35, 20, 0, 7]
周康5路	[45, 100, 72, 30, 21, 21, 21, 21, 30, 30, 48, 60, 21, 0, 0, 0, 0, 0, 6]
970路	[42, 100, 96, 42, 28, 25, 26, 23, 26, 42, 57, 82, 78, 48, 36, 26, 15, 1, 5]
980路	[53, 88, 100, 63, 44, 40, 42, 42, 42, 55, 63, 75, 71, 42, 30, 26, 11, 0, 7]
隧道九线	[60, 100, 97, 51, 40, 37, 37, 40, 40, 51, 62, 77, 54, 45, 25, 22, 17, 0, 8]
曹路3路	[100, 80, 92, 0, 0, 0, 0, 0, 0, 0, 56, 84, 4, 0, 0, 0, 0, 0, 0]
1092路	[100, 6, 75, 18, 12, 6, 0, 12, 12, 12, 43, 12, 0, 0, 0, 0, 0, 0, 0]
花木1路	[10, 89, 100, 50, 21, 17, 23, 28, 26, 34, 58, 67, 71, 36, 21, 6, 0, 0, 0]
779路	[53, 100, 75, 34, 20, 20, 22, 24, 24, 30, 48, 67, 57, 26, 28, 26, 20, 2, 10]
龙大专线	[54, 100, 83, 45, 30, 23, 23, 20, 25, 35, 55, 84, 57, 35, 25, 23, 10, 5, 11]
1019路	[0, 54, 100, 32, 25, 23, 23, 27, 27, 34, 41, 49, 25, 5, 0, 0, 0, 0, 0]
隧道六线	[56, 100, 78, 39, 26, 24, 29, 26, 29, 36, 51, 60, 56, 29, 24, 24, 14, 2, 9]
浦东35路	[62, 100, 93, 54, 43, 40, 40, 41, 45, 66, 80, 83, 67, 38, 25, 8, 1, 0, 1]
航头3路	[100, 59, 63, 25, 31, 15, 27, 20, 22, 34, 86, 75, 4, 0, 0, 0, 0, 0, 6]
1002路	[0, 73, 100, 80, 53, 20, 73, 80, 100, 93, 73, 40, 60, 20, 0, 0, 0, 0, 0]
1096路	[66, 100, 93, 40, 6, 13, 46, 13, 26, 26, 26, 53, 20, 0, 0, 0, 0, 0, 0]
1099路	[33, 100, 66, 17, 7, 10, 10, 7, 5, 15, 10, 23, 0, 0, 0, 0, 0, 0, 0]
1055路	[10, 100, 53, 6, 0, 0, 0, 0, 30, 20, 23, 26, 40, 10, 20, 0, 0, 0, 0]
794路	[69, 100, 100, 45, 33, 28, 28, 30, 35, 47, 75, 79, 54, 32, 26, 15, 3, 0, 9]
川芦专线	[75, 100, 63, 36, 34, 26, 26, 29, 34, 46, 70, 70, 39, 19, 0, 0, 0, 0, 21]
843路	[44, 94, 100, 61, 50, 40, 40, 42, 50, 70, 81, 92, 72, 48, 33, 22, 5, 0, 1]
浦江1路	[26, 78, 100, 31, 16, 11, 16, 14, 16, 19, 31, 44, 54, 22, 11, 6, 1, 0, 9]
1010路	[32, 100, 70, 18, 13, 16, 18, 8, 18, 27, 40, 45, 43, 8, 0, 0, 0, 0, 0]
1056路	[19, 100, 62, 33, 15, 21, 19, 6, 6, 21, 33, 39, 34, 19, 12, 7, 0, 0, 0]
955路	[45, 79, 100, 66, 52, 45, 50, 50, 54, 62, 68, 81, 62, 39, 33, 29, 20, 12, 14]
871路	[43, 100, 89, 56, 37, 34, 36, 32, 39, 50, 65, 81, 65, 37, 27, 25, 12, 0, 6]
1041路	[100, 100, 33, 0, 33, 0, 33, 0, 33, 0, 33, 33, 0, 0, 0, 0, 0, 0, 0]
陆家嘴金融城1路	[0, 30, 100, 25, 13, 13, 10, 10, 7, 10, 20, 56, 23, 6, 3, 0, 0, 0, 0]
浦江3路	[74, 80, 67, 32, 9, 16, 12, 19, 19, 25, 48, 83, 100, 45, 38, 29, 19, 3, 6]
外高桥3路	[43, 76, 100, 17, 20, 23, 17, 15, 33, 66, 51, 64, 35, 12, 12, 2, 0, 0, 5]
1047路	[100, 95, 100, 68, 27, 45, 9, 27, 45, 77, 63, 100, 18, 13, 0, 0, 0, 0, 0]
南南线	[41, 100, 93, 38, 25, 21, 23, 21, 28, 41, 51, 70, 66, 40, 26, 11, 0, 0, 3]
惠南4路	[55, 79, 35, 41, 32, 50, 32, 32, 47, 55, 100, 58, 32, 8, 0, 0, 0, 0, 0]
新场5路	[35, 100, 55, 15, 20, 5, 20, 15, 25, 60, 75, 50, 5, 0, 0, 0, 0, 0, 0]
1033路	[30, 100, 66, 20, 16, 22, 11, 15, 20, 45, 40, 42, 35, 25, 11, 11, 1, 0, 3]
119路	[37, 97, 100, 43, 35, 31, 33, 33, 41, 41, 52, 66, 56, 37, 33, 31, 16, 0, 6]
84路	[34, 100, 73, 34, 21, 17, 17, 17, 21, 34, 82, 47, 26, 13, 17, 4, 0, 0, 0]
169路	[59, 100, 97, 56, 35, 37, 48, 37, 45, 51, 78, 86, 83, 37, 29, 0, 0, 0, 0]
784路	[54, 100, 87, 37, 20, 16, 20, 16, 25, 37, 50, 37, 25, 25, 12, 12, 0, 0, 0]
1034路	[40, 100, 83, 34, 23, 20, 22, 17, 20, 31, 31, 34, 39, 30, 9, 0, 0, 0, 0]
1042路	[0, 100, 31, 15, 31, 31, 10, 42, 26, 21, 94, 47, 36, 21, 0, 0, 0, 0, 0]
三林1路	[22, 44, 100, 33, 23, 19, 8, 13, 7, 25, 35, 25, 23, 26, 16, 1, 0, 0, 0]
隧道三线	[42, 100, 93, 38, 27, 21, 23, 27, 29, 34, 34, 55, 38, 23, 19, 17, 14, 4, 10]
隧道一线	[55, 100, 93, 44, 31, 24, 33, 28, 33, 48, 66, 88, 66, 37, 31, 26, 13, 0, 8]
1031路	[27, 100, 43, 17, 9, 13, 12, 17, 19, 22, 22, 46, 58, 0, 0, 0, 0, 0, 0]
799路	[48, 100, 78, 32, 26, 28, 24, 22, 26, 40, 62, 78, 82, 42, 34, 28, 18, 4, 10]
张南专线	[50, 100, 100, 61, 34, 38, 34, 36, 38, 45, 63, 100, 79, 47, 34, 18, 11, 0, 6]
1080路	[42, 100, 82, 42, 27, 22, 23, 25, 23, 35, 47, 60, 73, 51, 38, 32, 9, 1, 6]
219路	[41, 100, 86, 47, 33, 27, 30, 27, 27, 47, 66, 80, 72, 33, 30, 25, 2, 0, 5]
583路	[74, 100, 94, 53, 35, 41, 43, 41, 41, 58, 79, 87, 61, 43, 33, 38, 25, 0, 20]
915路	[100, 95, 75, 45, 37, 37, 50, 33, 54, 54, 87, 75, 70, 33, 33, 29, 12, 0, 54]
惠南8路	[43, 100, 79, 9, 25, 18, 4, 15, 25, 20, 45, 52, 34, 6, 0, 0, 0, 0, 0]
周南线	[75, 100, 85, 53, 42, 39, 39, 43, 48, 61, 79, 81, 62, 39, 27, 9, 0, 0, 14]
455路	[64, 100, 95, 50, 30, 23, 35, 28, 35, 42, 61, 80, 76, 45, 35, 30, 23, 0, 14]
两滨专线	[100, 100, 45, 40, 18, 18, 27, 9, 31, 45, 68, 45, 36, 9, 4, 0, 0, 0, 0]
1004路	[57, 100, 84, 52, 15, 21, 15, 21, 31, 57, 68, 89, 42, 0, 0, 0, 0, 0, 0]
1100路	[37, 93, 100, 37, 18, 12, 25, 18, 37, 62, 75, 75, 31, 6, 0, 0, 0, 0, 12]
老港1路	[100, 72, 33, 38, 16, 11, 11, 11, 27, 27, 27, 72, 0, 0, 0, 0, 0, 0, 5]
周康10路	[0, 83, 66, 50, 50, 41, 50, 41, 33, 66, 66, 100, 100, 66, 0, 0, 0, 0, 0]
南七线	[66, 100, 70, 51, 37, 25, 33, 22, 33, 48, 88, 62, 40, 3, 0, 0, 0, 0, 7]
775路	[50, 100, 82, 38, 22, 26, 24, 26, 30, 36, 50, 62, 38, 28, 20, 18, 12, 0, 4]
1053路	[54, 100, 22, 34, 8, 8, 14, 11, 14, 31, 82, 100, 17, 0, 0, 0, 0, 0, 0]
1015路	[32, 100, 44, 12, 0, 0, 0, 0, 0, 2, 24, 34, 48, 0, 0, 0, 0, 0, 0]
1021路	[31, 100, 88, 42, 17, 6, 13, 11, 20, 44, 53, 80, 68, 0, 0, 0, 0, 0, 0]
772路	[83, 94, 75, 38, 22, 22, 25, 30, 27, 38, 86, 100, 61, 38, 36, 8, 0, 0, 8]
1062路	[100, 57, 42, 7, 21, 7, 14, 7, 7, 28, 57, 28, 0, 0, 0, 0, 0, 0, 0]
龙东专线	[66, 100, 84, 47, 31, 23, 31, 31, 33, 43, 70, 72, 43, 17, 0, 0, 0, 0, 13]
1007路	[38, 100, 90, 36, 16, 16, 16, 16, 23, 43, 56, 81, 96, 41, 1, 0, 0, 0, 0]
792路	[43, 100, 78, 26, 19, 17, 19, 17, 22, 31, 47, 59, 40, 24, 22, 19, 8, 0, 7]
1061路	[42, 100, 28, 0, 28, 0, 57, 0, 42, 28, 85, 28, 28, 0, 0, 0, 0, 0, 28]
451路	[65, 100, 72, 47, 36, 36, 36, 31, 40, 36, 40, 56, 52, 50, 40, 34, 31, 20, 29]
周康9路	[65, 100, 61, 36, 24, 20, 20, 20, 24, 30, 44, 75, 79, 32, 24, 6, 0, 0, 0]
174路	[50, 100, 88, 30, 26, 21, 26, 21, 26, 23, 42, 59, 47, 30, 26, 26, 2, 0, 7]
1050路	[35, 84, 100, 38, 27, 26, 23, 23, 25, 34, 44, 76, 75, 2, 0, 0, 0, 0, 0]
申港3路	[55, 100, 80, 40, 25, 25, 40, 30, 45, 30, 65, 55, 30, 35, 5, 0, 0, 0, 0]
163路	[50, 100, 90, 37, 28, 25, 21, 18, 21, 28, 62, 68, 81, 40, 34, 18, 12, 0, 6]
南闵专线	[72, 100, 76, 44, 34, 23, 27, 30, 37, 51, 72, 88, 53, 20, 6, 0, 0, 2, 20]
惠南1路	[92, 100, 85, 51, 41, 34, 31, 48, 46, 87, 100, 82, 53, 12, 0, 0, 0, 0, 0]
浦东18路	[58, 83, 41, 33, 8, 8, 8, 16, 41, 25, 100, 50, 25, 25, 0, 0, 0, 0, 16]
791路	[39, 92, 84, 47, 22, 28, 24, 24, 30, 41, 66, 100, 56, 37, 18, 20, 13, 0, 3]
惠南6路	[48, 100, 58, 31, 23, 16, 18, 19, 22, 40, 57, 42, 51, 25, 0, 0, 0, 0, 0]
1066路	[57, 100, 85, 41, 32, 24, 26, 29, 29, 35, 50, 63, 83, 75, 32, 32, 15, 0, 4]
1017路	[13, 100, 51, 10, 16, 0, 2, 10, 51, 21, 37, 56, 27, 2, 0, 0, 0, 0, 0]
1030路	[0, 11, 66, 33, 22, 11, 11, 22, 33, 33, 55, 100, 44, 0, 0, 0, 0, 0, 0]
1012路	[23, 83, 100, 56, 31, 23, 23, 21, 17, 24, 35, 41, 34, 4, 0, 0, 0, 0, 0]
1085路	[0, 45, 100, 15, 0, 0, 0, 0, 0, 0, 40, 45, 10, 0, 0, 0, 0, 0, 0]
龙惠专线	[45, 93, 86, 54, 34, 32, 36, 36, 43, 52, 76, 100, 82, 47, 23, 2, 0, 0, 4]
浦东8路	[81, 100, 34, 40, 34, 26, 8, 16, 4, 6, 59, 61, 14, 4, 0, 0, 0, 0, 0]
芦杜专线	[61, 100, 85, 44, 41, 35, 38, 35, 38, 61, 82, 82, 52, 17, 2, 0, 0, 0, 2]
177路	[55, 100, 83, 40, 26, 26, 28, 24, 24, 38, 48, 59, 53, 34, 32, 32, 16, 0, 14]
1101路	[57, 100, 80, 0, 26, 19, 15, 34, 15, 30, 69, 53, 23, 0, 0, 0, 0, 0, 0]
周康6路	[23, 100, 89, 35, 20, 16, 16, 28, 22, 38, 55, 83, 37, 11, 0, 0, 0, 0, 0]
曹路4路	[27, 100, 45, 31, 22, 9, 0, 4, 13, 36, 68, 63, 27, 9, 0, 0, 0, 0, 0]
1026路	[3, 80, 100, 14, 0, 0, 0, 0, 0, 0, 28, 83, 67, 5, 0, 0, 0, 0, 0]
1086路	[74, 100, 88, 37, 14, 22, 22, 14, 29, 40, 66, 62, 22, 0, 0, 0, 0, 0, 0]
610路	[61, 100, 83, 41, 32, 33, 32, 29, 33, 45, 56, 64, 45, 22, 20, 17, 9, 1, 11]
浦东22路	[44, 86, 100, 56, 34, 32, 26, 28, 26, 34, 54, 76, 70, 34, 20, 14, 2, 0, 2]
南园1路	[76, 100, 80, 33, 16, 11, 11, 16, 14, 30, 52, 73, 26, 14, 0, 0, 0, 0, 0]
1058路	[0, 95, 100, 52, 0, 0, 0, 0, 0, 0, 8, 75, 77, 16, 0, 0, 0, 0, 0]
1075路	[80, 100, 31, 20, 15, 10, 16, 13, 8, 23, 40, 40, 46, 40, 13, 21, 10, 5, 21]
1078路	[19, 48, 100, 51, 70, 68, 46, 58, 68, 75, 29, 43, 14, 7, 0, 0, 0, 0, 0]
1029路	[26, 73, 100, 0, 0, 0, 0, 0, 0, 40, 53, 53, 26, 0, 0, 0, 0, 0, 0]
新川专线	[59, 94, 100, 53, 40, 34, 34, 34, 38, 42, 61, 59, 55, 34, 38, 28, 15, 3, 17]
1076路	[91, 83, 29, 18, 13, 18, 5, 13, 10, 13, 100, 54, 32, 13, 5, 2, 0, 0, 5]
130路	[52, 85, 83, 40, 28, 30, 35, 33, 52, 61, 90, 100, 71, 47, 38, 28, 11, 0, 7]
572路	[65, 100, 98, 68, 46, 42, 45, 37, 45, 57, 60, 71, 60, 33, 32, 27, 19, 2, 11]
川沙4路	[0, 82, 100, 58, 35, 23, 23, 17, 11, 35, 47, 47, 47, 29, 23, 23, 0, 0, 0]
1013路	[7, 38, 100, 46, 30, 30, 0, 0, 0, 3, 26, 57, 26, 3, 0, 0, 0, 0, 0]
大团2路	[85, 100, 45, 40, 20, 15, 35, 20, 10, 20, 85, 50, 0, 0, 0, 0, 0, 0, 0]
浦东3路	[85, 100, 66, 33, 21, 21, 28, 19, 35, 35, 76, 80, 57, 26, 9, 9, 0, 0, 11]
浦东10路	[0, 100, 77, 0, 0, 0, 11, 33, 22, 11, 44, 66, 0, 0, 0, 0, 0, 0, 0]
祝桥3路	[100, 56, 56, 18, 0, 0, 0, 31, 6, 50, 12, 56, 12, 0, 0, 0, 0, 0, 0]
1022路	[20, 100, 60, 20, 0, 0, 20, 0, 40, 40, 40, 20, 20, 0, 0, 0, 0, 0, 0]
988路	[51, 96, 100, 50, 29, 24, 27, 25, 33, 38, 66, 90, 74, 37, 22, 16, 0, 0, 11]
1082路	[83, 100, 50, 27, 11, 22, 38, 11, 27, 16, 50, 38, 22, 5, 0, 0, 0, 0, 0]
浦东25路	[10, 100, 78, 26, 10, 8, 8, 4, 6, 17, 34, 80, 56, 4, 0, 0, 0, 0, 0]
604路	[56, 100, 90, 49, 45, 43, 41, 45, 49, 56, 78, 84, 64, 49, 35, 23, 0, 0, 0]
1068路	[55, 100, 59, 25, 20, 17, 18, 16, 20, 30, 28, 39, 60, 69, 28, 28, 16, 0, 7]
1063路	[38, 100, 84, 15, 38, 15, 38, 30, 23, 46, 100, 23, 15, 0, 0, 0, 0, 0, 0]
1071路	[77, 96, 87, 48, 45, 41, 35, 41, 58, 90, 100, 77, 51, 16, 0, 0, 0, 0, 0]
惠南2路	[76, 80, 90, 73, 46, 30, 30, 46, 76, 100, 86, 60, 20, 6, 0, 0, 0, 0, 0]
1025路	[33, 100, 81, 47, 31, 22, 22, 27, 31, 52, 66, 52, 39, 12, 0, 0, 0, 0, 0]
611路	[82, 100, 80, 42, 30, 35, 27, 27, 30, 45, 65, 72, 52, 37, 15, 2, 0, 0, 17]
1081路	[0, 100, 88, 75, 54, 36, 29, 31, 47, 72, 77, 27, 9, 0, 0, 0, 0, 0, 0]
书院3路	[86, 100, 31, 27, 13, 4, 9, 13, 13, 45, 81, 63, 0, 0, 0, 0, 0, 0, 0]
774路	[56, 100, 95, 50, 38, 34, 31, 38, 43, 52, 56, 95, 77, 45, 40, 36, 25, 4, 6]
